N	MZI_f_MHz	SYNC_f_MHz	MZI_D_ns	MZI_W_ns	DET_D_ns	DET_W_ns	State	D0	D1
0	0.00353781928819076	6.00000240000096E-05	0	25	8333870	6000	0	0	0
1	0.00353781928819076	6.00000240000096E-05	0	25	8333870	6000	0	0	800
2	0.00353781928819076	6.00000240000096E-05	0	25	8333870	6000	0	0	800
3	0.00353781928819076	6.00000240000096E-05	0	25	8333870	6000	0	0	800
4	0.00353781928819076	6.00000240000096E-05	0	25	8333870	6000	0	0	802
0	0.00353781928819076	6.00000240000096E-05	0	25	8333870	6000	0	0	801
1	0.00353781928819076	6.00000240000096E-05	0	25	8333870	6000	0	0	800
2	0.00353781928819076	6.00000240000096E-05	0	25	8333870	6000	0	0	800
3	0.00353781928819076	6.00000240000096E-05	0	25	8333870	6000	0	0	800
4	0.00353781928819076	6.00000240000096E-05	0	25	8333870	6000	0	0	800
0	0.00353781928819076	6.00000240000096E-05	0	25	8333870	6000	0	0	801
1	0.00353781928819076	6.00000240000096E-05	0	25	8333870	6000	0	0	800
2	0.00353781928819076	6.00000240000096E-05	0	25	8333870	6000	0	0	800
3	0.00353781928819076	6.00000240000096E-05	0	25	8333870	6000	0	0	800
4	0.00353781928819076	6.00000240000096E-05	0	25	8333870	6000	0	0	800
0	0.00353781928819076	6.00000240000096E-05	0	25	8333870	6000	0	0	800
1	0.00353781928819076	6.00000240000096E-05	0	25	8333870	6000	0	0	800
2	0.00353781928819076	6.00000240000096E-05	0	25	8333870	6000	0	0	800
3	0.00353781928819076	6.00000240000096E-05	0	25	8333870	6000	0	0	800
4	0.00353781928819076	6.00000240000096E-05	0	25	8333870	6000	0	0	800
0	0.00353781928819076	6.00000240000096E-05	0	25	8333870	6000	0	0	800
1	0.00353781928819076	6.00000240000096E-05	0	25	8333870	6000	0	0	800
2	0.00353781928819076	6.00000240000096E-05	0	25	8333870	6000	0	0	800
3	0.00353781928819076	6.00000240000096E-05	0	25	8333870	6000	0	0	800
4	0.00353781928819076	6.00000240000096E-05	0	25	8333870	6000	0	0	801
0	0.00353781928819076	6.00000240000096E-05	0	25	8333870	6000	0	0	801
1	0.00353781928819076	6.00000240000096E-05	0	25	8333870	6000	0	0	800
2	0.00353781928819076	6.00000240000096E-05	0	25	8333870	6000	0	0	801
3	0.00353781928819076	6.00000240000096E-05	0	25	8333870	6000	0	0	800
4	0.00353781928819076	6.00000240000096E-05	0	25	8333870	6000	0	0	802
0	0.00353781928819076	6.00000240000096E-05	0	25	8333870	6000	0	22	800
1	0.00353781928819076	6.00000240000096E-05	0	25	8333870	6000	0	0	800
2	0.00353781928819076	6.00000240000096E-05	0	25	8333870	6000	0	0	800
3	0.00353781928819076	6.00000240000096E-05	0	25	8333870	6000	0	0	801
4	0.00353781928819076	6.00000240000096E-05	0	25	8333870	6000	0	0	800
0	0.00353781928819076	6.00000240000096E-05	0	25	8333870	6000	0	0	800
1	0.00353781928819076	6.00000240000096E-05	0	25	8333870	6000	0	0	801
2	0.00353781928819076	6.00000240000096E-05	0	25	8333870	6000	0	0	800
3	0.00353781928819076	6.00000240000096E-05	0	25	8333870	6000	0	0	800
4	0.00353781928819076	6.00000240000096E-05	0	25	8333870	6000	0	0	800
0	0.00353781928819076	6.00000240000096E-05	0	25	8333870	6000	0	0	801
1	0.00353781928819076	6.00000240000096E-05	0	25	8333870	6000	0	0	800
2	0.00353781928819076	6.00000240000096E-05	0	25	8333870	6000	0	0	800
3	0.00353781928819076	6.00000240000096E-05	0	25	8333870	6000	0	0	800
4	0.00353781928819076	6.00000240000096E-05	0	25	8333870	6000	0	0	800
0	0.00353781928819076	6.00000240000096E-05	0	25	8333870	6000	0	0	800
1	0.00353781928819076	6.00000240000096E-05	0	25	8333870	6000	0	6	800
2	0.00353781928819076	6.00000240000096E-05	0	25	8333870	6000	0	0	801
3	0.00353781928819076	6.00000240000096E-05	0	25	8333870	6000	0	0	800
4	0.00353781928819076	6.00000240000096E-05	0	25	8333870	6000	0	0	800
0	0.00353781928819076	6.00000240000096E-05	0	25	8333870	6000	0	0	800
1	0.00353781928819076	6.00000240000096E-05	0	25	8333870	6000	0	0	800
2	0.00353781928819076	6.00000240000096E-05	0	25	8333870	6000	0	0	800
3	0.00353781928819076	6.00000240000096E-05	0	25	8333870	6000	0	0	800
4	0.00353781928819076	6.00000240000096E-05	0	25	8333870	6000	0	0	800
0	0.00353781928819076	6.00000240000096E-05	0	25	8333870	6000	0	0	802
1	0.00353781928819076	6.00000240000096E-05	0	25	8333870	6000	0	0	800
2	0.00353781928819076	6.00000240000096E-05	0	25	8333870	6000	0	0	800
3	0.00353781928819076	6.00000240000096E-05	0	25	8333870	6000	0	0	800
4	0.00353781928819076	6.00000240000096E-05	0	25	8333870	6000	0	0	800
0	0.00353781928819076	6.00000240000096E-05	0	25	8333870	6000	0	0	800
1	0.00353781928819076	6.00000240000096E-05	0	25	8333870	6000	0	0	800
2	0.00353781928819076	6.00000240000096E-05	0	25	8333870	6000	0	0	800
3	0.00353781928819076	6.00000240000096E-05	0	25	8333870	6000	0	0	800
4	0.00353781928819076	6.00000240000096E-05	0	25	8333870	6000	0	0	800
0	0.00353781928819076	6.00000240000096E-05	0	25	8333870	6000	0	0	800
1	0.00353781928819076	6.00000240000096E-05	0	25	8333870	6000	0	0	801
2	0.00353781928819076	6.00000240000096E-05	0	25	8333870	6000	0	0	801
3	0.00353781928819076	6.00000240000096E-05	0	25	8333870	6000	0	0	800
4	0.00353781928819076	6.00000240000096E-05	0	25	8333870	6000	0	0	800
0	0.00353781928819076	6.00000240000096E-05	0	25	8333870	6000	0	0	800
1	0.00353781928819076	6.00000240000096E-05	0	25	8333870	6000	0	0	800
2	0.00353781928819076	6.00000240000096E-05	0	25	8333870	6000	0	0	802
3	0.00353781928819076	6.00000240000096E-05	0	25	8333870	6000	0	0	800
4	0.00353781928819076	6.00000240000096E-05	0	25	8333870	6000	0	0	801
0	0.00353781928819076	6.00000240000096E-05	0	25	8333870	6000	0	0	800
1	0.00353781928819076	6.00000240000096E-05	0	25	8333870	6000	0	0	800
2	0.00353781928819076	6.00000240000096E-05	0	25	8333870	6000	0	0	800
3	0.00353781928819076	6.00000240000096E-05	0	25	8333870	6000	0	0	801
4	0.00353781928819076	6.00000240000096E-05	0	25	8333870	6000	0	0	800
0	0.00353781928819076	6.00000240000096E-05	0	25	8333870	6000	0	0	802
1	0.00353781928819076	6.00000240000096E-05	0	25	8333870	6000	0	0	802
2	0.00353781928819076	6.00000240000096E-05	0	25	8333870	6000	0	0	800
3	0.00353781928819076	6.00000240000096E-05	0	25	8333870	6000	0	0	800
4	0.00353781928819076	6.00000240000096E-05	0	25	8333870	6000	0	0	800
0	0.00353781928819076	6.00000240000096E-05	0	25	8333870	6000	0	0	800
1	0.00353781928819076	6.00000240000096E-05	0	25	8333870	6000	0	0	800
2	0.00353781928819076	6.00000240000096E-05	0	25	8333870	6000	0	0	800
3	0.00353781928819076	6.00000240000096E-05	0	25	8333870	6000	0	0	802
4	0.00353781928819076	6.00000240000096E-05	0	25	8333870	6000	0	0	800
0	0.00353781928819076	6.00000240000096E-05	0	25	8333870	6000	0	0	800
1	0.00353781928819076	6.00000240000096E-05	0	25	8333870	6000	0	0	800
2	0.00353781928819076	6.00000240000096E-05	0	25	8333870	6000	0	0	801
3	0.00353781928819076	6.00000240000096E-05	0	25	8333870	6000	0	0	800
4	0.00353781928819076	6.00000240000096E-05	0	25	8333870	6000	0	0	800
0	0.00353781928819076	6.00000240000096E-05	0	25	8333870	6000	0	0	800
1	0.00353781928819076	6.00000240000096E-05	0	25	8333870	6000	0	0	800
2	0.00353781928819076	6.00000240000096E-05	0	25	8333870	6000	0	0	800
3	0.00353781928819076	6.00000240000096E-05	0	25	8333870	6000	0	0	802
4	0.00353781928819076	6.00000240000096E-05	0	25	8333870	6000	0	0	800
0	0.00353781928819076	6.00000240000096E-05	0	25	8333870	6000	0	0	802
1	0.00353781928819076	6.00000240000096E-05	0	25	8333870	6000	0	0	801
2	0.00353781928819076	6.00000240000096E-05	0	25	8333870	6000	0	0	800
3	0.00353781928819076	6.00000240000096E-05	0	25	8333870	6000	0	0	800
4	0.00353781928819076	6.00000240000096E-05	0	25	8333870	6000	0	0	800
0	0.00353781928819076	6.00000240000096E-05	0	25	8333870	6000	0	0	801
1	0.00353781928819076	6.00000240000096E-05	0	25	8333870	6000	0	0	800
2	0.00353781928819076	6.00000240000096E-05	0	25	8333870	6000	0	0	800
3	0.00353781928819076	6.00000240000096E-05	0	25	8333870	6000	0	0	800
4	0.00353781928819076	6.00000240000096E-05	0	25	8333870	6000	0	0	800
0	0.00353781928819076	6.00000240000096E-05	0	25	8333870	6000	0	0	802
1	0.00353781928819076	6.00000240000096E-05	0	25	8333870	6000	0	0	800
2	0.00353781928819076	6.00000240000096E-05	0	25	8333870	6000	0	0	800
3	0.00353781928819076	6.00000240000096E-05	0	25	8333870	6000	0	0	801
4	0.00353781928819076	6.00000240000096E-05	0	25	8333870	6000	0	0	800
0	0.00353781928819076	6.00000240000096E-05	0	25	8333870	6000	0	0	800
1	0.00353781928819076	6.00000240000096E-05	0	25	8333870	6000	0	0	800
2	0.00353781928819076	6.00000240000096E-05	0	25	8333870	6000	0	0	801
3	0.00353781928819076	6.00000240000096E-05	0	25	8333870	6000	0	0	800
4	0.00353781928819076	6.00000240000096E-05	0	25	8333870	6000	0	0	800
0	0.00353781928819076	6.00000240000096E-05	0	25	8333870	6000	0	0	800
1	0.00353781928819076	6.00000240000096E-05	0	25	8333870	6000	0	0	800
2	0.00353781928819076	6.00000240000096E-05	0	25	8333870	6000	0	0	800
3	0.00353781928819076	6.00000240000096E-05	0	25	8333870	6000	0	0	800
4	0.00353781928819076	6.00000240000096E-05	0	25	8333870	6000	0	0	800
0	0.00353781928819076	6.00000240000096E-05	0	25	8333870	6000	0	0	800
1	0.00353781928819076	6.00000240000096E-05	0	25	8333870	6000	0	0	800
2	0.00353781928819076	6.00000240000096E-05	0	25	8333870	6000	0	0	800
3	0.00353781928819076	6.00000240000096E-05	0	25	8333870	6000	0	0	800
4	0.00353781928819076	6.00000240000096E-05	0	25	8333870	6000	0	0	800
0	0.00353781928819076	6.00000240000096E-05	0	25	8333872.5	6000	0	0	800
1	0.00353781928819076	6.00000240000096E-05	0	25	8333872.5	6000	0	0	800
2	0.00353781928819076	6.00000240000096E-05	0	25	8333872.5	6000	0	0	802
3	0.00353781928819076	6.00000240000096E-05	0	25	8333872.5	6000	0	0	800
4	0.00353781928819076	6.00000240000096E-05	0	25	8333872.5	6000	0	0	800
0	0.00353781928819076	6.00000240000096E-05	0	25	8333875	6000	0	0	800
1	0.00353781928819076	6.00000240000096E-05	0	25	8333875	6000	0	0	801
2	0.00353781928819076	6.00000240000096E-05	0	25	8333875	6000	0	0	802
3	0.00353781928819076	6.00000240000096E-05	0	25	8333875	6000	0	0	800
4	0.00353781928819076	6.00000240000096E-05	0	25	8333875	6000	0	0	800
0	0.00353781928819076	6.00000240000096E-05	0	25	8333877.5	6000	0	0	800
1	0.00353781928819076	6.00000240000096E-05	0	25	8333877.5	6000	0	0	800
2	0.00353781928819076	6.00000240000096E-05	0	25	8333877.5	6000	0	0	800
3	0.00353781928819076	6.00000240000096E-05	0	25	8333877.5	6000	0	0	801
4	0.00353781928819076	6.00000240000096E-05	0	25	8333877.5	6000	0	0	800
0	0.00353781928819076	6.00000240000096E-05	0	25	8333877.5	6000	0	0	800
1	0.00353781928819076	6.00000240000096E-05	0	25	8333877.5	6000	0	0	801
2	0.00353781928819076	6.00000240000096E-05	0	25	8333877.5	6000	0	0	800
3	0.00353781928819076	6.00000240000096E-05	0	25	8333877.5	6000	0	0	800
4	0.00353781928819076	6.00000240000096E-05	0	25	8333877.5	6000	0	0	800
0	0.00353781928819076	6.00000240000096E-05	0	25	8333880	6000	0	0	800
1	0.00353781928819076	6.00000240000096E-05	0	25	8333880	6000	0	0	800
2	0.00353781928819076	6.00000240000096E-05	0	25	8333880	6000	0	0	800
3	0.00353781928819076	6.00000240000096E-05	0	25	8333880	6000	0	0	800
4	0.00353781928819076	6.00000240000096E-05	0	25	8333880	6000	0	0	800
0	0.00353781928819076	6.00000240000096E-05	0	25	8333882.5	6000	0	0	802
1	0.00353781928819076	6.00000240000096E-05	0	25	8333882.5	6000	0	0	800
2	0.00353781928819076	6.00000240000096E-05	0	25	8333882.5	6000	0	0	800
3	0.00353781928819076	6.00000240000096E-05	0	25	8333882.5	6000	0	0	800
4	0.00353781928819076	6.00000240000096E-05	0	25	8333882.5	6000	0	0	800
0	0.00353781928819076	6.00000240000096E-05	0	25	8333885	6000	0	0	801
1	0.00353781928819076	6.00000240000096E-05	0	25	8333885	6000	0	0	800
2	0.00353781928819076	6.00000240000096E-05	0	25	8333885	6000	0	0	801
3	0.00353781928819076	6.00000240000096E-05	0	25	8333885	6000	0	0	800
4	0.00353781928819076	6.00000240000096E-05	0	25	8333885	6000	0	0	800
0	0.00353781928819076	6.00000240000096E-05	0	25	8333887.5	6000	0	0	800
1	0.00353781928819076	6.00000240000096E-05	0	25	8333887.5	6000	0	0	800
2	0.00353781928819076	6.00000240000096E-05	0	25	8333887.5	6000	0	0	801
3	0.00353781928819076	6.00000240000096E-05	0	25	8333887.5	6000	0	0	800
4	0.00353781928819076	6.00000240000096E-05	0	25	8333887.5	6000	0	0	800
0	0.00353781928819076	6.00000240000096E-05	0	25	8333890	6000	0	0	800
1	0.00353781928819076	6.00000240000096E-05	0	25	8333890	6000	0	0	800
2	0.00353781928819076	6.00000240000096E-05	0	25	8333890	6000	0	0	800
3	0.00353781928819076	6.00000240000096E-05	0	25	8333890	6000	0	0	800
4	0.00353781928819076	6.00000240000096E-05	0	25	8333890	6000	0	0	800
0	0.00353781928819076	6.00000240000096E-05	0	25	8333895	6000	0	0	800
1	0.00353781928819076	6.00000240000096E-05	0	25	8333895	6000	0	0	801
2	0.00353781928819076	6.00000240000096E-05	0	25	8333895	6000	0	0	800
3	0.00353781928819076	6.00000240000096E-05	0	25	8333895	6000	0	0	800
4	0.00353781928819076	6.00000240000096E-05	0	25	8333895	6000	0	0	800
0	0.00353781928819076	6.00000240000096E-05	0	25	8333897.5	6000	0	0	800
1	0.00353781928819076	6.00000240000096E-05	0	25	8333897.5	6000	0	0	800
2	0.00353781928819076	6.00000240000096E-05	0	25	8333897.5	6000	0	0	800
3	0.00353781928819076	6.00000240000096E-05	0	25	8333897.5	6000	0	0	800
4	0.00353781928819076	6.00000240000096E-05	0	25	8333897.5	6000	0	0	801
0	0.00353781928819076	6.00000240000096E-05	0	25	8333900	6000	0	0	800
1	0.00353781928819076	6.00000240000096E-05	0	25	8333900	6000	0	0	800
2	0.00353781928819076	6.00000240000096E-05	0	25	8333900	6000	0	0	800
3	0.00353781928819076	6.00000240000096E-05	0	25	8333900	6000	0	0	800
4	0.00353781928819076	6.00000240000096E-05	0	25	8333900	6000	0	0	800
0	0.00353781928819076	6.00000240000096E-05	0	25	8333902.5	6000	0	0	801
1	0.00353781928819076	6.00000240000096E-05	0	25	8333902.5	6000	0	0	800
2	0.00353781928819076	6.00000240000096E-05	0	25	8333902.5	6000	0	0	802
3	0.00353781928819076	6.00000240000096E-05	0	25	8333902.5	6000	0	0	800
4	0.00353781928819076	6.00000240000096E-05	0	25	8333902.5	6000	0	0	802
0	0.00353781928819076	6.00000240000096E-05	0	25	8333902.5	6000	0	0	800
1	0.00353781928819076	6.00000240000096E-05	0	25	8333902.5	6000	0	0	800
2	0.00353781928819076	6.00000240000096E-05	0	25	8333902.5	6000	0	0	800
3	0.00353781928819076	6.00000240000096E-05	0	25	8333902.5	6000	0	0	800
4	0.00353781928819076	6.00000240000096E-05	0	25	8333902.5	6000	0	0	801
0	0.00353781928819076	6.00000240000096E-05	0	25	8333902.5	6000	0	0	802
1	0.00353781928819076	6.00000240000096E-05	0	25	8333902.5	6000	0	0	800
2	0.00353781928819076	6.00000240000096E-05	0	25	8333902.5	6000	0	0	800
3	0.00353781928819076	6.00000240000096E-05	0	25	8333902.5	6000	0	0	801
4	0.00353781928819076	6.00000240000096E-05	0	25	8333902.5	6000	0	0	800
0	0.00353781928819076	6.00000240000096E-05	0	25	8333902.5	6000	0	0	800
1	0.00353781928819076	6.00000240000096E-05	0	25	8333902.5	6000	0	0	800
2	0.00353781928819076	6.00000240000096E-05	0	25	8333902.5	6000	0	0	800
3	0.00353781928819076	6.00000240000096E-05	0	25	8333902.5	6000	0	0	800
4	0.00353781928819076	6.00000240000096E-05	0	25	8333902.5	6000	0	0	800
0	0.00353781928819076	6.00000240000096E-05	0	25	8333902.5	6000	0	0	800
1	0.00353781928819076	6.00000240000096E-05	0	25	8333902.5	6000	0	0	800
2	0.00353781928819076	6.00000240000096E-05	0	25	8333902.5	6000	0	0	800
3	0.00353781928819076	6.00000240000096E-05	0	25	8333902.5	6000	0	0	800
4	0.00353781928819076	6.00000240000096E-05	0	25	8333902.5	6000	0	0	800
0	0.00353781928819076	6.00000240000096E-05	0	25	8333902.5	6000	0	0	800
1	0.00353781928819076	6.00000240000096E-05	0	25	8333902.5	6000	0	0	800
2	0.00353781928819076	6.00000240000096E-05	0	25	8333902.5	6000	0	0	800
3	0.00353781928819076	6.00000240000096E-05	0	25	8333902.5	6000	0	0	800
4	0.00353781928819076	6.00000240000096E-05	0	25	8333902.5	6000	0	0	801
0	0.00353781928819076	6.00000240000096E-05	0	25	8333902.5	6000	0	0	800
1	0.00353781928819076	6.00000240000096E-05	0	25	8333902.5	6000	0	0	800
2	0.00353781928819076	6.00000240000096E-05	0	25	8333902.5	6000	0	0	800
3	0.00353781928819076	6.00000240000096E-05	0	25	8333902.5	6000	0	0	801
4	0.00353781928819076	6.00000240000096E-05	0	25	8333902.5	6000	0	0	800
