N	freq_sync	freq_sync	delay_pulse	width_pulse	delay_det	width_det	mascara	ADC0	ADC1
0	100	100	0	80	40	26	21	0
1	100	100	0	80	40	26	27	0
2	100	100	0	80	40	26	21	0
3	100	100	0	80	40	26	67	0
4	100	100	0	80	40	26	37	0
0	100	100	0	80	40	26	21	0
1	100	100	0	80	40	26	21	0
2	100	100	0	80	40	26	21	0
3	100	100	0	80	40	26	52	0
4	100	100	0	80	40	26	22	0
0	100	100	0	80	40	26	21	0
1	100	100	0	80	40	26	21	0
2	100	100	0	80	40	26	67	0
3	100	100	0	80	40	26	37	0
4	100	100	0	80	40	26	21	0
0	100	100	0	80	40	26	21	0
1	100	100	0	80	40	26	21	0
2	100	100	0	80	40	26	52	0
3	100	100	0	80	40	26	21	0
4	100	100	0	80	40	26	21	0
0	100	100	0	80	40	26	62	0
1	100	100	0	80	40	26	67	0
2	100	100	0	80	40	26	36	0
3	100	100	0	80	40	26	21	0
4	100	100	0	80	40	26	21	0
0	100	100	0	80	40	26	46	0
1	100	100	0	80	40	26	51	0
2	100	100	0	80	40	26	21	0
3	100	100	0	80	40	26	21	0
4	100	100	0	80	40	26	61	0
0	100	100	0	80	40	26	31	0
1	100	100	0	80	40	26	36	0
2	100	100	0	80	40	26	21	0
3	100	100	0	80	40	26	21	0
4	100	100	0	80	40	26	46	0
0	100	100	0	80	40	26	21	0
1	100	100	0	80	40	26	21	0
2	100	100	0	80	40	26	21	0
3	100	100	0	80	40	26	61	0
4	100	100	0	80	40	26	31	0
0	100	100	0	80	40	26	21	0
1	100	100	0	80	40	26	21	0
2	100	100	0	80	40	26	21	0
3	100	100	0	80	40	26	46	0
4	100	100	0	80	40	26	21	0
0	100	100	0	80	40	26	21	0
1	100	100	0	80	40	26	21	0
2	100	100	0	80	40	26	61	0
3	100	100	0	80	40	26	30	0
4	100	100	0	80	40	26	21	0
0	100	100	0	80	40	26	20	0
1	100	100	0	80	40	26	21	0
2	100	100	0	80	40	26	45	0
3	100	100	0	80	40	26	21	0
4	100	100	0	80	40	26	21	0
0	100	100	0	80	40	26	55	0
1	100	100	0	80	40	26	60	0
2	100	100	0	80	40	26	30	0
3	100	100	0	80	40	26	21	0
4	100	100	0	80	40	26	70	0
0	100	100	0	80	40	26	40	0
1	100	100	0	80	40	26	45	0
2	100	100	0	80	40	26	21	0
3	100	100	0	80	40	26	21	0
4	100	100	0	80	40	26	55	0
0	100	100	0	80	40	26	25	0
1	100	100	0	80	40	26	30	0
2	100	100	0	80	40	26	21	0
3	100	100	0	80	40	26	70	0
4	100	100	0	80	40	26	40	0
0	100	100	0	80	40	26	21	0
1	100	100	0	80	40	26	21	0
2	100	100	0	80	40	26	21	0
3	100	100	0	80	40	26	55	0
4	100	100	0	80	40	26	24	0
0	100	100	0	80	40	26	21	0
1	100	100	0	80	40	26	21	0
2	100	100	0	80	40	26	70	0
3	100	100	0	80	40	26	39	0
4	100	100	0	80	40	26	21	0
0	100	100	0	80	40	26	21	0
1	100	100	0	80	40	26	21	0
2	100	100	0	80	40	26	54	0
3	100	100	0	80	40	26	24	0
4	100	100	0	80	40	26	21	0
0	100	100	0	80	40	26	64	0
1	100	100	0	80	40	26	69	0
2	100	100	0	80	40	26	39	0
3	100	100	0	80	40	26	21	0
4	100	100	0	80	40	26	21	0
0	100	100	0	80	40	26	49	0
1	100	100	0	80	40	26	54	0
2	100	100	0	80	40	26	24	0
3	100	100	0	80	40	26	21	0
4	100	100	0	80	40	26	64	0
0	100	100	0	80	40	26	34	0
1	100	100	0	80	40	26	39	0
2	100	100	0	80	40	26	21	0
3	100	100	0	80	40	26	21	0
4	100	100	0	80	40	26	49	0
0	100	100	0	80	40	26	21	0
1	100	100	0	80	40	26	23	0
2	100	100	0	80	40	26	21	0
3	100	100	0	80	40	26	64	0
4	100	100	0	80	40	26	33	0
0	100	100	0	80	40	26	21	0
1	100	100	0	80	40	26	21	0
2	100	100	0	80	40	26	21	0
3	100	100	0	80	40	26	48	0
4	100	100	0	80	40	26	21	0
0	100	100	0	80	40	26	21	0
1	100	100	0	80	40	26	21	0
2	100	100	0	80	40	26	63	0
3	100	100	0	80	40	26	33	0
4	100	100	0	80	40	26	21	0
0	100	100	0	80	40	26	21	0
1	100	100	0	80	40	26	21	0
2	100	100	0	80	40	26	48	0
3	100	100	0	80	40	26	21	0
4	100	100	0	80	40	26	21	0
0	100	100	0	80	40	26	58	0
1	100	100	0	80	40	26	63	0
2	100	100	0	80	40	26	33	0
3	100	100	0	80	40	26	21	0
4	100	100	0	80	40	26	21	0
0	100	100	0	80	40	26	43	0
1	100	100	0	80	40	26	48	0
2	100	100	0	80	40	26	21	0
3	100	100	0	80	40	26	21	0
4	100	100	0	80	40	26	58	0
0	100	100	0	80	39	26	27	0
1	100	100	0	80	39	26	32	0
2	100	100	0	80	39	26	21	0
3	100	100	0	80	39	26	21	0
4	100	100	0	80	39	26	42	0
0	100	100	0	80	38	26	21	0
1	100	100	0	80	38	26	21	0
2	100	100	0	80	38	26	21	0
3	100	100	0	80	38	26	57	0
4	100	100	0	80	38	26	27	0
0	100	100	0	80	38	26	21	0
1	100	100	0	80	38	26	21	0
2	100	100	0	80	38	26	21	0
3	100	100	0	80	38	26	42	0
4	100	100	0	80	38	26	21	0
0	100	100	0	80	38	26	21	0
1	100	100	0	80	38	26	21	0
2	100	100	0	80	38	26	57	0
3	100	100	0	80	38	26	27	0
4	100	100	0	80	38	26	21	0
0	100	100	0	80	38	26	67	0
1	100	100	0	80	38	26	21	0
2	100	100	0	80	38	26	42	0
3	100	100	0	80	38	26	21	0
4	100	100	0	80	38	26	21	0
0	100	100	0	80	37	26	52	0
1	100	100	0	80	37	26	57	0
2	100	100	0	80	37	26	26	0
3	100	100	0	80	37	26	21	0
4	100	100	0	80	37	26	67	0
0	100	100	0	80	37	26	36	0
1	100	100	0	80	37	26	41	0
2	100	100	0	80	37	26	21	0
3	100	100	0	80	37	26	21	0
4	100	100	0	80	37	26	51	0
0	100	100	0	80	36	26	21	0
1	100	100	0	80	36	26	26	0
2	100	100	0	80	36	26	20	0
3	100	100	0	80	36	26	65	0
4	100	100	0	80	36	26	35	0
0	100	100	0	80	36	26	20	0
1	100	100	0	80	36	26	20	0
2	100	100	0	80	36	26	20	0
3	100	100	0	80	36	26	50	0
4	100	100	0	80	36	26	20	0
0	100	100	0	80	35	26	20	0
1	100	100	0	80	35	26	20	0
2	100	100	0	80	35	26	65	0
3	100	100	0	80	35	26	35	0
4	100	100	0	80	35	26	20	0
0	100	100	0	80	35	26	20	0
1	100	100	0	80	35	26	20	0
2	100	100	0	80	35	26	50	0
3	100	100	0	80	35	26	20	0
4	100	100	0	80	35	26	20	0
0	100	100	0	80	35	26	60	0
1	100	100	0	80	35	26	65	0
2	100	100	0	80	35	26	34	0
3	100	100	0	80	35	26	20	0
4	100	100	0	80	35	26	20	0
0	100	100	0	80	34	26	44	0
1	100	100	0	80	34	26	49	0
2	100	100	0	80	34	26	20	0
3	100	100	0	80	34	26	20	0
4	100	100	0	80	34	26	59	0
0	100	100	0	80	33	26	29	0
1	100	100	0	80	33	26	34	0
2	100	100	0	80	33	26	20	0
3	100	100	0	80	33	26	20	0
4	100	100	0	80	33	26	44	0
0	100	100	0	80	32	26	20	0
1	100	100	0	80	32	26	20	0
2	100	100	0	80	32	26	19	0
3	100	100	0	80	32	26	58	0
4	100	100	0	80	32	26	28	0
0	100	100	0	80	31	26	19	0
1	100	100	0	80	31	26	19	0
2	100	100	0	80	31	26	19	0
3	100	100	0	80	31	26	43	0
4	100	100	0	80	31	26	19	0
0	100	100	0	80	30	26	19	0
1	100	100	0	80	30	26	19	0
2	100	100	0	80	30	26	58	0
3	100	100	0	80	30	26	27	0
4	100	100	0	80	30	26	19	0
0	100	100	0	80	29	26	68	0
1	100	100	0	80	29	26	19	0
2	100	100	0	80	29	26	42	0
3	100	100	0	80	29	26	19	0
4	100	100	0	80	29	26	19	0
0	100	100	0	80	29	26	52	0
1	100	100	0	80	29	26	57	0
2	100	100	0	80	29	26	27	0
3	100	100	0	80	29	26	19	0
4	100	100	0	80	29	26	67	0
0	100	100	0	80	29	26	37	0
1	100	100	0	80	29	26	42	0
2	100	100	0	80	29	26	19	0
3	100	100	0	80	29	26	19	0
4	100	100	0	80	29	26	52	0
0	100	100	0	80	28	26	22	0
1	100	100	0	80	28	26	26	0
2	100	100	0	80	28	26	18	0
3	100	100	0	80	28	26	66	0
4	100	100	0	80	28	26	36	0
0	100	100	0	80	27	26	18	0
1	100	100	0	80	27	26	18	0
2	100	100	0	80	27	26	18	0
3	100	100	0	80	27	26	51	0
4	100	100	0	80	27	26	20	0
0	100	100	0	80	27	26	18	0
1	100	100	0	80	27	26	18	0
2	100	100	0	80	27	26	66	0
3	100	100	0	80	27	26	35	0
4	100	100	0	80	27	26	18	0
0	100	100	0	80	26	26	18	0
1	100	100	0	80	26	26	18	0
2	100	100	0	80	26	26	50	0
3	100	100	0	80	26	26	20	0
4	100	100	0	80	26	26	18	0
0	100	100	0	80	26	26	60	0
1	100	100	0	80	26	26	65	0
2	100	100	0	80	26	26	35	0
3	100	100	0	80	26	26	18	0
4	100	100	0	80	26	26	18	0
0	100	100	0	80	26	26	45	0
1	100	100	0	80	26	26	50	0
2	100	100	0	80	26	26	20	0
3	100	100	0	80	26	26	18	0
4	100	100	0	80	26	26	60	0
0	100	100	0	80	25	26	30	0
1	100	100	0	80	25	26	35	0
2	100	100	0	80	25	26	18	0
3	100	100	0	80	25	26	18	0
4	100	100	0	80	25	26	45	0
0	100	100	0	80	25	26	18	0
1	100	100	0	80	25	26	19	0
2	100	100	0	80	25	26	18	0
3	100	100	0	80	25	26	60	0
4	100	100	0	80	25	26	29	0
0	100	100	0	80	25	26	18	0
1	100	100	0	80	25	26	18	0
2	100	100	0	80	25	26	18	0
3	100	100	0	80	25	26	44	0
4	100	100	0	80	25	26	18	0
0	100	100	0	80	25	26	18	0
1	100	100	0	80	25	26	18	0
2	100	100	0	80	25	26	59	0
3	100	100	0	80	25	26	29	0
4	100	100	0	80	25	26	18	0
0	100	100	0	80	25	26	18	0
1	100	100	0	80	25	26	18	0
2	100	100	0	80	25	26	44	0
3	100	100	0	80	25	26	18	0
4	100	100	0	80	25	26	18	0
0	100	100	0	80	25	26	54	0
1	100	100	0	80	25	26	59	0
2	100	100	0	80	25	26	29	0
3	100	100	0	80	25	26	18	0
4	100	100	0	80	25	26	18	0
0	100	100	0	80	25	26	39	0
1	100	100	0	80	25	26	44	0
2	100	100	0	80	25	26	18	0
3	100	100	0	80	25	26	18	0
4	100	100	0	80	25	26	54	0
0	100	100	0	80	25	26	23	0
1	100	100	0	80	25	26	28	0
2	100	100	0	80	25	26	18	0
3	100	100	0	80	25	26	18	0
4	100	100	0	80	25	26	38	0
0	100	100	0	80	25	26	18	0
1	100	100	0	80	25	26	18	0
2	100	100	0	80	25	26	18	0
3	100	100	0	80	25	26	53	0
4	100	100	0	80	25	26	23	0
0	100	100	0	80	25	26	18	0
1	100	100	0	80	25	26	18	0
2	100	100	0	80	25	26	17	0
3	100	100	0	80	25	26	38	0
4	100	100	0	80	25	26	18	0
0	100	100	0	80	25	26	18	0
1	100	100	0	80	25	26	18	0
2	100	100	0	80	25	26	53	0
3	100	100	0	80	25	26	23	0
4	100	100	0	80	25	26	18	0
0	100	100	0	80	25	26	63	0
1	100	100	0	80	25	26	17	0
2	100	100	0	80	25	26	38	0
3	100	100	0	80	25	26	18	0
4	100	100	0	80	25	26	18	0
0	100	100	0	80	25	26	48	0
1	100	100	0	80	25	26	53	0
2	100	100	0	80	25	26	22	0
3	100	100	0	80	25	26	18	0
4	100	100	0	80	25	26	63	0
0	100	100	0	80	25	26	32	0
1	100	100	0	80	25	26	37	0
2	100	100	0	80	25	26	18	0
3	100	100	0	80	25	26	18	0
4	100	100	0	80	25	26	47	0
0	100	100	0	80	25	26	18	0
1	100	100	0	80	25	26	22	0
2	100	100	0	80	25	26	18	0
3	100	100	0	80	25	26	62	0
4	100	100	0	80	25	26	32	0
0	100	100	0	80	25	26	18	0
1	100	100	0	80	25	26	18	0
2	100	100	0	80	25	26	18	0
3	100	100	0	80	25	26	47	0
4	100	100	0	80	25	26	18	0
0	100	100	0	80	25	26	18	0
1	100	100	0	80	25	26	18	0
2	100	100	0	80	25	26	62	0
3	100	100	0	80	25	26	32	0
4	100	100	0	80	25	26	18	0
0	100	100	0	80	25	26	18	0
1	100	100	0	80	25	26	18	0
2	100	100	0	80	25	26	47	0
3	100	100	0	80	25	26	18	0
4	100	100	0	80	25	26	18	0
0	100	100	0	80	25	26	57	0
1	100	100	0	80	25	26	62	0
2	100	100	0	80	25	26	31	0
3	100	100	0	80	25	26	18	0
4	100	100	0	80	25	26	18	0
0	100	100	0	80	25	26	41	0
1	100	100	0	80	25	26	46	0
2	100	100	0	80	25	26	18	0
3	100	100	0	80	25	26	18	0
4	100	100	0	80	25	26	56	0
0	100	100	0	80	25	26	26	0
1	100	100	0	80	25	26	31	0
2	100	100	0	80	25	26	18	0
3	100	100	0	80	25	26	18	0
4	100	100	0	80	25	26	41	0
0	100	100	0	80	25	26	18	0
1	100	100	0	80	25	26	18	0
2	100	100	0	80	25	26	18	0
3	100	100	0	80	25	26	56	0
4	100	100	0	80	25	26	26	0
0	100	100	0	80	24	26	18	0
1	100	100	0	80	24	26	18	0
2	100	100	0	80	24	26	17	0
3	100	100	0	80	24	26	40	0
4	100	100	0	80	24	26	17	0
0	100	100	0	80	23	26	17	0
1	100	100	0	80	23	26	17	0
2	100	100	0	80	23	26	55	0
3	100	100	0	80	23	26	24	0
4	100	100	0	80	23	26	17	0
0	100	100	0	80	22	26	65	0
1	100	100	0	80	22	26	17	0
2	100	100	0	80	22	26	39	0
3	100	100	0	80	22	26	17	0
4	100	100	0	80	22	26	17	0
0	100	100	0	80	22	26	49	0
1	100	100	0	80	22	26	54	0
2	100	100	0	80	22	26	24	0
3	100	100	0	80	22	26	17	0
4	100	100	0	80	22	26	64	0
0	100	100	0	80	21	26	34	0
1	100	100	0	80	21	26	39	0
2	100	100	0	80	21	26	17	0
3	100	100	0	80	21	26	17	0
4	100	100	0	80	21	26	49	0
0	100	100	0	80	20	26	19	0
1	100	100	0	80	20	26	24	0
2	100	100	0	80	20	26	17	0
3	100	100	0	80	20	26	64	0
4	100	100	0	80	20	26	33	0
0	100	100	0	80	20	26	16	0
1	100	100	0	80	20	26	16	0
2	100	100	0	80	20	26	16	0
3	100	100	0	80	20	26	48	0
4	100	100	0	80	20	26	17	0
0	100	100	0	80	19	26	16	0
1	100	100	0	80	19	26	16	0
2	100	100	0	80	19	26	63	0
3	100	100	0	80	19	26	32	0
4	100	100	0	80	19	26	16	0
0	100	100	0	80	19	26	16	0
1	100	100	0	80	19	26	16	0
2	100	100	0	80	19	26	47	0
3	100	100	0	80	19	26	17	0
4	100	100	0	80	19	26	16	0
0	100	100	0	80	18	26	57	0
1	100	100	0	80	18	26	62	0
2	100	100	0	80	18	26	32	0
3	100	100	0	80	18	26	16	0
4	100	100	0	80	18	26	16	0
0	100	100	0	80	18	26	42	0
1	100	100	0	80	18	26	47	0
2	100	100	0	80	18	26	17	0
3	100	100	0	80	18	26	16	0
4	100	100	0	80	18	26	57	0
0	100	100	0	80	17	26	27	0
1	100	100	0	80	17	26	32	0
2	100	100	0	80	17	26	16	0
3	100	100	0	80	17	26	16	0
4	100	100	0	80	17	26	42	0
0	100	100	0	80	16	26	16	0
1	100	100	0	80	16	26	16	0
2	100	100	0	80	16	26	16	0
3	100	100	0	80	16	26	57	0
4	100	100	0	80	16	26	26	0
0	100	100	0	80	16	26	16	0
1	100	100	0	80	16	26	15	0
2	100	100	0	80	16	26	15	0
3	100	100	0	80	16	26	40	0
4	100	100	0	80	16	26	15	0
0	100	100	0	80	15	26	15	0
1	100	100	0	80	15	26	15	0
2	100	100	0	80	15	26	55	0
3	100	100	0	80	15	26	25	0
4	100	100	0	80	15	26	15	0
0	100	100	0	80	15	26	14	0
1	100	100	0	80	15	26	15	0
2	100	100	0	80	15	26	40	0
3	100	100	0	80	15	26	15	0
4	100	100	0	80	15	26	15	0
0	100	100	0	80	15	26	50	0
1	100	100	0	80	15	26	55	0
2	100	100	0	80	15	26	25	0
3	100	100	0	80	15	26	15	0
4	100	100	0	80	15	26	14	0
0	100	100	0	80	14	26	35	0
1	100	100	0	80	14	26	40	0
2	100	100	0	80	14	26	15	0
3	100	100	0	80	14	26	15	0
4	100	100	0	80	14	26	50	0
0	100	100	0	80	14	26	19	0
1	100	100	0	80	14	26	24	0
2	100	100	0	80	14	26	15	0
3	100	100	0	80	14	26	14	0
4	100	100	0	80	14	26	34	0
0	100	100	0	80	14	26	15	0
1	100	100	0	80	14	26	15	0
2	100	100	0	80	14	26	15	0
3	100	100	0	80	14	26	49	0
4	100	100	0	80	14	26	19	0
0	100	100	0	80	13	26	15	0
1	100	100	0	80	13	26	15	0
2	100	100	0	80	13	26	64	0
3	100	100	0	80	13	26	34	0
4	100	100	0	80	13	26	15	0
0	100	100	0	80	13	26	15	0
1	100	100	0	80	13	26	15	0
2	100	100	0	80	13	26	49	0
3	100	100	0	80	13	26	19	0
4	100	100	0	80	13	26	15	0
0	100	100	0	80	13	26	59	0
1	100	100	0	80	13	26	64	0
2	100	100	0	80	13	26	34	0
3	100	100	0	80	13	26	15	0
4	100	100	0	80	13	26	15	0
0	100	100	0	80	12	26	44	0
1	100	100	0	80	12	26	48	0
2	100	100	0	80	12	26	17	0
3	100	100	0	80	12	26	14	0
4	100	100	0	80	12	26	58	0
0	100	100	0	80	12	26	27	0
1	100	100	0	80	12	26	32	0
2	100	100	0	80	12	26	14	0
3	100	100	0	80	12	26	14	0
4	100	100	0	80	12	26	42	0
0	100	100	0	80	11	26	14	0
1	100	100	0	80	11	26	17	0
2	100	100	0	80	11	26	14	0
3	100	100	0	80	11	26	57	0
4	100	100	0	80	11	26	27	0
0	100	100	0	80	11	26	14	0
1	100	100	0	80	11	26	14	0
2	100	100	0	80	11	26	14	0
3	100	100	0	80	11	26	42	0
4	100	100	0	80	11	26	14	0
0	100	100	0	80	11	26	14	0
1	100	100	0	80	11	26	14	0
2	100	100	0	80	11	26	57	0
3	100	100	0	80	11	26	27	0
4	100	100	0	80	11	26	14	0
0	100	100	0	80	10	26	14	0
1	100	100	0	80	10	26	14	0
2	100	100	0	80	10	26	42	0
3	100	100	0	80	10	26	14	0
4	100	100	0	80	10	26	14	0
0	100	100	0	80	10	26	52	0
1	100	100	0	80	10	26	57	0
2	100	100	0	80	10	26	26	0
3	100	100	0	80	10	26	14	0
4	100	100	0	80	10	26	14	0
0	100	100	0	80	10	26	36	0
1	100	100	0	80	10	26	41	0
2	100	100	0	80	10	26	14	0
3	100	100	0	80	10	26	14	0
4	100	100	0	80	10	26	51	0
0	100	100	0	80	9	26	21	0
1	100	100	0	80	9	26	26	0
2	100	100	0	80	9	26	14	0
3	100	100	0	80	9	26	14	0
4	100	100	0	80	9	26	36	0
0	100	100	0	80	9	26	14	0
1	100	100	0	80	9	26	14	0
2	100	100	0	80	9	26	14	0
3	100	100	0	80	9	26	51	0
4	100	100	0	80	9	26	21	0
0	100	100	0	80	8	26	14	0
1	100	100	0	80	8	26	14	0
2	100	100	0	80	8	26	14	0
3	100	100	0	80	8	26	36	0
4	100	100	0	80	8	26	14	0
0	100	100	0	80	8	26	14	0
1	100	100	0	80	8	26	13	0
2	100	100	0	80	8	26	50	0
3	100	100	0	80	8	26	19	0
4	100	100	0	80	8	26	13	0
0	100	100	0	80	8	26	60	0
1	100	100	0	80	8	26	13	0
2	100	100	0	80	8	26	34	0
3	100	100	0	80	8	26	13	0
4	100	100	0	80	8	26	13	0
0	100	100	0	80	7	26	44	0
1	100	100	0	80	7	26	49	0
2	100	100	0	80	7	26	19	0
3	100	100	0	80	7	26	13	0
4	100	100	0	80	7	26	59	0
0	100	100	0	80	7	26	29	0
1	100	100	0	80	7	26	34	0
2	100	100	0	80	7	26	13	0
3	100	100	0	80	7	26	13	0
4	100	100	0	80	7	26	44	0
0	100	100	0	80	6	26	14	0
1	100	100	0	80	6	26	19	0
2	100	100	0	80	6	26	13	0
3	100	100	0	80	6	26	59	0
4	100	100	0	80	6	26	29	0
0	100	100	0	80	6	26	13	0
1	100	100	0	80	6	26	13	0
2	100	100	0	80	6	26	13	0
3	100	100	0	80	6	26	44	0
4	100	100	0	80	6	26	13	0
0	100	100	0	80	5	26	13	0
1	100	100	0	80	5	26	13	0
2	100	100	0	80	5	26	59	0
3	100	100	0	80	5	26	28	0
4	100	100	0	80	5	26	13	0
0	100	100	0	80	4	26	13	0
1	100	100	0	80	4	26	13	0
2	100	100	0	80	4	26	43	0
3	100	100	0	80	4	26	13	0
4	100	100	0	80	4	26	13	0
0	100	100	0	80	4	26	53	0
1	100	100	0	80	4	26	57	0
2	100	100	0	80	4	26	27	0
3	100	100	0	80	4	26	12	0
4	100	100	0	80	4	26	12	0
0	100	100	0	80	3	26	37	0
1	100	100	0	80	3	26	42	0
2	100	100	0	80	3	26	12	0
3	100	100	0	80	3	26	12	0
4	100	100	0	80	3	26	52	0
0	100	100	0	80	3	26	22	0
1	100	100	0	80	3	26	27	0
2	100	100	0	80	3	26	12	0
3	100	100	0	80	3	26	12	0
4	100	100	0	80	3	26	37	0
0	100	100	0	80	2	26	12	0
1	100	100	0	80	2	26	12	0
2	100	100	0	80	2	26	12	0
3	100	100	0	80	2	26	52	0
4	100	100	0	80	2	26	21	0
0	100	100	0	80	2	26	12	0
1	100	100	0	80	2	26	12	0
2	100	100	0	80	2	26	12	0
3	100	100	0	80	2	26	36	0
4	100	100	0	80	2	26	12	0
0	100	100	0	80	1	26	12	0
1	100	100	0	80	1	26	12	0
2	100	100	0	80	1	26	51	0
3	100	100	0	80	1	26	21	0
4	100	100	0	80	1	26	12	0
0	100	100	0	80	1	26	61	0
1	100	100	0	80	1	26	12	0
2	100	100	0	80	1	26	36	0
3	100	100	0	80	1	26	12	0
4	100	100	0	80	1	26	12	0
0	100	100	0	80	1	26	46	0
1	100	100	0	80	1	26	51	0
2	100	100	0	80	1	26	21	0
3	100	100	0	80	1	26	12	0
4	100	100	0	80	1	26	61	0
0	100	100	0	80	0	26	31	0
1	100	100	0	80	0	26	36	0
2	100	100	0	80	0	26	12	0
3	100	100	0	80	0	26	12	0
4	100	100	0	80	0	26	46	0
0	100	100	0	80	0	26	15	0
1	100	100	0	80	0	26	19	0
2	100	100	0	80	0	26	11	0
3	100	100	0	80	0	26	60	0
4	100	100	0	80	0	26	29	0
0	100	100	0	80	0	26	11	0
1	100	100	0	80	0	26	11	0
2	100	100	0	80	0	26	11	0
3	100	100	0	80	0	26	44	0
4	100	100	0	80	0	26	14	0
0	100	100	0	80	0	26	11	0
1	100	100	0	80	0	26	11	0
2	100	100	0	80	0	26	59	0
3	100	100	0	80	0	26	29	0
4	100	100	0	80	0	26	11	0
0	100	100	0	80	0	26	11	0
1	100	100	0	80	0	26	11	0
2	100	100	0	80	0	26	44	0
3	100	100	0	80	0	26	14	0
4	100	100	0	80	0	26	11	0
0	100	100	0	80	0	26	54	0
1	100	100	0	80	0	26	59	0
2	100	100	0	80	0	26	29	0
3	100	100	0	80	0	26	11	0
4	100	100	0	80	0	26	11	0
0	100	100	0	80	0	26	39	0
1	100	100	0	80	0	26	44	0
2	100	100	0	80	0	26	13	0
3	100	100	0	80	0	26	11	0
4	100	100	0	80	0	26	54	0
0	100	100	0	80	0	26	23	0
1	100	100	0	80	0	26	28	0
2	100	100	0	80	0	26	11	0
3	100	100	0	80	0	26	11	0
4	100	100	0	80	0	26	38	0
0	100	100	0	80	0	26	11	0
1	100	100	0	80	0	26	13	0
2	100	100	0	80	0	26	11	0
3	100	100	0	80	0	26	53	0
4	100	100	0	80	0	26	23	0
0	100	100	0	80	1	26	11	0
1	100	100	0	80	1	26	11	0
2	100	100	0	80	1	26	11	0
3	100	100	0	80	1	26	38	0
4	100	100	0	80	1	26	11	0
0	100	100	0	80	2	26	11	0
1	100	100	0	80	2	26	12	0
2	100	100	0	80	2	26	54	0
3	100	100	0	80	2	26	24	0
4	100	100	0	80	2	26	12	0
0	100	100	0	80	2	26	12	0
1	100	100	0	80	2	26	12	0
2	100	100	0	80	2	26	39	0
3	100	100	0	80	2	26	12	0
4	100	100	0	80	2	26	12	0
0	100	100	0	80	2	26	49	0
1	100	100	0	80	2	26	54	0
2	100	100	0	80	2	26	23	0
3	100	100	0	80	2	26	12	0
4	100	100	0	80	2	26	12	0
0	100	100	0	80	3	26	33	0
1	100	100	0	80	3	26	38	0
2	100	100	0	80	3	26	12	0
3	100	100	0	80	3	26	12	0
4	100	100	0	80	3	26	48	0
0	100	100	0	80	4	26	18	0
1	100	100	0	80	4	26	23	0
2	100	100	0	80	4	26	12	0
3	100	100	0	80	4	26	12	0
4	100	100	0	80	4	26	33	0
0	100	100	0	80	5	26	12	0
1	100	100	0	80	5	26	12	0
2	100	100	0	80	5	26	12	0
3	100	100	0	80	5	26	49	0
4	100	100	0	80	5	26	19	0
0	100	100	0	80	6	26	13	0
1	100	100	0	80	6	26	13	0
2	100	100	0	80	6	26	13	0
3	100	100	0	80	6	26	34	0
4	100	100	0	80	6	26	13	0
0	100	100	0	80	7	26	13	0
1	100	100	0	80	7	26	13	0
2	100	100	0	80	7	26	49	0
3	100	100	0	80	7	26	18	0
4	100	100	0	80	7	26	13	0
0	100	100	0	80	8	26	59	0
1	100	100	0	80	8	26	13	0
2	100	100	0	80	8	26	33	0
3	100	100	0	80	8	26	13	0
4	100	100	0	80	8	26	13	0
0	100	100	0	80	9	26	43	0
1	100	100	0	80	9	26	48	0
2	100	100	0	80	9	26	18	0
3	100	100	0	80	9	26	13	0
4	100	100	0	80	9	26	58	0
0	100	100	0	80	9	26	28	0
1	100	100	0	80	9	26	34	0
2	100	100	0	80	9	26	14	0
3	100	100	0	80	9	26	14	0
4	100	100	0	80	9	26	44	0
0	100	100	0	80	10	26	14	0
1	100	100	0	80	10	26	19	0
2	100	100	0	80	10	26	14	0
3	100	100	0	80	10	26	59	0
4	100	100	0	80	10	26	29	0
0	100	100	0	80	11	26	14	0
1	100	100	0	80	11	26	14	0
2	100	100	0	80	11	26	14	0
3	100	100	0	80	11	26	44	0
4	100	100	0	80	11	26	14	0
0	100	100	0	80	12	26	14	0
1	100	100	0	80	12	26	14	0
2	100	100	0	80	12	26	59	0
3	100	100	0	80	12	26	28	0
4	100	100	0	80	12	26	14	0
0	100	100	0	80	13	26	14	0
1	100	100	0	80	13	26	14	0
2	100	100	0	80	13	26	43	0
3	100	100	0	80	13	26	14	0
4	100	100	0	80	13	26	14	0
0	100	100	0	80	13	26	53	0
1	100	100	0	80	13	26	59	0
2	100	100	0	80	13	26	29	0
3	100	100	0	80	13	26	15	0
4	100	100	0	80	13	26	15	0
0	100	100	0	80	14	26	39	0
1	100	100	0	80	14	26	44	0
2	100	100	0	80	14	26	15	0
3	100	100	0	80	14	26	15	0
4	100	100	0	80	14	26	54	0
0	100	100	0	80	15	26	24	0
1	100	100	0	80	15	26	29	0
2	100	100	0	80	15	26	15	0
3	100	100	0	80	15	26	15	0
4	100	100	0	80	15	26	39	0
0	100	100	0	80	16	26	15	0
1	100	100	0	80	16	26	15	0
2	100	100	0	80	16	26	15	0
3	100	100	0	80	16	26	54	0
4	100	100	0	80	16	26	23	0
0	100	100	0	80	17	26	15	0
1	100	100	0	80	17	26	15	0
2	100	100	0	80	17	26	15	0
3	100	100	0	80	17	26	39	0
4	100	100	0	80	17	26	16	0
0	100	100	0	80	18	26	16	0
1	100	100	0	80	18	26	16	0
2	100	100	0	80	18	26	54	0
3	100	100	0	80	18	26	24	0
4	100	100	0	80	18	26	16	0
0	100	100	0	80	19	26	64	0
1	100	100	0	80	19	26	16	0
2	100	100	0	80	19	26	39	0
3	100	100	0	80	19	26	16	0
4	100	100	0	80	19	26	16	0
0	100	100	0	80	19	26	49	0
1	100	100	0	80	19	26	54	0
2	100	100	0	80	19	26	24	0
3	100	100	0	80	19	26	16	0
4	100	100	0	80	19	26	64	0
0	100	100	0	80	20	26	34	0
1	100	100	0	80	20	26	39	0
2	100	100	0	80	20	26	16	0
3	100	100	0	80	20	26	16	0
4	100	100	0	80	20	26	49	0
0	100	100	0	80	21	26	18	0
1	100	100	0	80	21	26	24	0
2	100	100	0	80	21	26	17	0
3	100	100	0	80	21	26	65	0
4	100	100	0	80	21	26	34	0
0	100	100	0	80	22	26	17	0
1	100	100	0	80	22	26	17	0
2	100	100	0	80	22	26	17	0
3	100	100	0	80	22	26	49	0
4	100	100	0	80	22	26	19	0
0	100	100	0	80	23	26	17	0
1	100	100	0	80	23	26	17	0
2	100	100	0	80	23	26	64	0
3	100	100	0	80	23	26	34	0
4	100	100	0	80	23	26	17	0
0	100	100	0	80	24	26	17	0
1	100	100	0	80	24	26	17	0
2	100	100	0	80	24	26	49	0
3	100	100	0	80	24	26	19	0
4	100	100	0	80	24	26	17	0
0	100	100	0	80	25	26	59	0
1	100	100	0	80	25	26	64	0
2	100	100	0	80	25	26	34	0
3	100	100	0	80	25	26	17	0
4	100	100	0	80	25	26	17	0
0	100	100	0	80	25	26	44	0
1	100	100	0	80	25	26	50	0
2	100	100	0	80	25	26	19	0
3	100	100	0	80	25	26	18	0
4	100	100	0	80	25	26	60	0
0	100	100	0	80	26	26	29	0
1	100	100	0	80	26	26	34	0
2	100	100	0	80	26	26	18	0
3	100	100	0	80	26	26	18	0
4	100	100	0	80	26	26	44	0
0	100	100	0	80	27	26	18	0
1	100	100	0	80	27	26	19	0
2	100	100	0	80	27	26	18	0
3	100	100	0	80	27	26	59	0
4	100	100	0	80	27	26	29	0
0	100	100	0	80	28	26	18	0
1	100	100	0	80	28	26	18	0
2	100	100	0	80	28	26	18	0
3	100	100	0	80	28	26	44	0
4	100	100	0	80	28	26	18	0
0	100	100	0	80	29	26	18	0
1	100	100	0	80	29	26	18	0
2	100	100	0	80	29	26	59	0
3	100	100	0	80	29	26	29	0
4	100	100	0	80	29	26	18	0
0	100	100	0	80	30	26	18	0
1	100	100	0	80	30	26	19	0
2	100	100	0	80	30	26	45	0
3	100	100	0	80	30	26	19	0
4	100	100	0	80	30	26	19	0
0	100	100	0	80	30	26	55	0
1	100	100	0	80	30	26	60	0
2	100	100	0	80	30	26	29	0
3	100	100	0	80	30	26	19	0
4	100	100	0	80	30	26	19	0
0	100	100	0	80	31	26	39	0
1	100	100	0	80	31	26	44	0
2	100	100	0	80	31	26	19	0
3	100	100	0	80	31	26	19	0
4	100	100	0	80	31	26	54	0
0	100	100	0	80	32	26	24	0
1	100	100	0	80	32	26	29	0
2	100	100	0	80	32	26	19	0
3	100	100	0	80	32	26	18	0
4	100	100	0	80	32	26	39	0
0	100	100	0	80	33	26	19	0
1	100	100	0	80	33	26	19	0
2	100	100	0	80	33	26	19	0
3	100	100	0	80	33	26	54	0
4	100	100	0	80	33	26	25	0
0	100	100	0	80	34	26	20	0
1	100	100	0	80	34	26	20	0
2	100	100	0	80	34	26	19	0
3	100	100	0	80	34	26	40	0
4	100	100	0	80	34	26	20	0
0	100	100	0	80	34	26	20	0
1	100	100	0	80	34	26	20	0
2	100	100	0	80	34	26	55	0
3	100	100	0	80	34	26	24	0
4	100	100	0	80	34	26	20	0
0	100	100	0	80	35	26	65	0
1	100	100	0	80	35	26	19	0
2	100	100	0	80	35	26	39	0
3	100	100	0	80	35	26	20	0
4	100	100	0	80	35	26	20	0
0	100	100	0	80	35	26	49	0
1	100	100	0	80	35	26	54	0
2	100	100	0	80	35	26	24	0
3	100	100	0	80	35	26	20	0
4	100	100	0	80	35	26	64	0
0	100	100	0	80	36	26	34	0
1	100	100	0	80	36	26	39	0
2	100	100	0	80	36	26	20	0
3	100	100	0	80	36	26	20	0
4	100	100	0	80	36	26	49	0
0	100	100	0	80	37	26	20	0
1	100	100	0	80	37	26	24	0
2	100	100	0	80	37	26	20	0
3	100	100	0	80	37	26	64	0
4	100	100	0	80	37	26	34	0
0	100	100	0	80	37	26	20	0
1	100	100	0	80	37	26	21	0
2	100	100	0	80	37	26	21	0
3	100	100	0	80	37	26	50	0
4	100	100	0	80	37	26	21	0
0	100	100	0	80	38	26	21	0
1	100	100	0	80	38	26	21	0
2	100	100	0	80	38	26	65	0
3	100	100	0	80	38	26	34	0
4	100	100	0	80	38	26	21	0
0	100	100	0	80	39	26	21	0
1	100	100	0	80	39	26	21	0
2	100	100	0	80	39	26	49	0
3	100	100	0	80	39	26	21	0
4	100	100	0	80	39	26	21	0
0	100	100	0	80	39	26	59	0
1	100	100	0	80	39	26	64	0
2	100	100	0	80	39	26	34	0
3	100	100	0	80	39	26	21	0
4	100	100	0	80	39	26	21	0
0	100	100	0	80	40	26	44	0
1	100	100	0	80	40	26	49	0
2	100	100	0	80	40	26	21	0
3	100	100	0	80	40	26	21	0
4	100	100	0	80	40	26	59	0
0	100	100	0	80	41	26	29	0
1	100	100	0	80	41	26	34	0
2	100	100	0	80	41	26	21	0
3	100	100	0	80	41	26	21	0
4	100	100	0	80	41	26	44	0
0	100	100	0	80	41	26	21	0
1	100	100	0	80	41	26	22	0
2	100	100	0	80	41	26	22	0
3	100	100	0	80	41	26	60	0
4	100	100	0	80	41	26	29	0
0	100	100	0	80	42	26	22	0
1	100	100	0	80	42	26	22	0
2	100	100	0	80	42	26	22	0
3	100	100	0	80	42	26	44	0
4	100	100	0	80	42	26	22	0
0	100	100	0	80	43	26	22	0
1	100	100	0	80	43	26	22	0
2	100	100	0	80	43	26	59	0
3	100	100	0	80	43	26	29	0
4	100	100	0	80	43	26	22	0
0	100	100	0	80	43	26	69	0
1	100	100	0	80	43	26	22	0
2	100	100	0	80	43	26	44	0
3	100	100	0	80	43	26	22	0
4	100	100	0	80	43	26	22	0
0	100	100	0	80	44	26	54	0
1	100	100	0	80	44	26	59	0
2	100	100	0	80	44	26	29	0
3	100	100	0	80	44	26	22	0
4	100	100	0	80	44	26	69	0
0	100	100	0	80	45	26	39	0
1	100	100	0	80	45	26	44	0
2	100	100	0	80	45	26	23	0
3	100	100	0	80	45	26	23	0
4	100	100	0	80	45	26	55	0
0	100	100	0	80	46	26	24	0
1	100	100	0	80	46	26	29	0
2	100	100	0	80	46	26	23	0
3	100	100	0	80	46	26	70	0
4	100	100	0	80	46	26	39	0
0	100	100	0	80	46	26	23	0
1	100	100	0	80	46	26	23	0
2	100	100	0	80	46	26	23	0
3	100	100	0	80	46	26	54	0
4	100	100	0	80	46	26	24	0
0	100	100	0	80	47	26	23	0
1	100	100	0	80	47	26	23	0
2	100	100	0	80	47	26	69	0
3	100	100	0	80	47	26	39	0
4	100	100	0	80	47	26	23	0
0	100	100	0	80	48	26	23	0
1	100	100	0	80	48	26	23	0
2	100	100	0	80	48	26	54	0
3	100	100	0	80	48	26	24	0
4	100	100	0	80	48	26	23	0
0	100	100	0	80	48	26	64	0
1	100	100	0	80	48	26	69	0
2	100	100	0	80	48	26	39	0
3	100	100	0	80	48	26	23	0
4	100	100	0	80	48	26	23	0
0	100	100	0	80	49	26	49	0
1	100	100	0	80	49	26	55	0
2	100	100	0	80	49	26	24	0
3	100	100	0	80	49	26	24	0
4	100	100	0	80	49	26	65	0
0	100	100	0	80	50	26	34	0
1	100	100	0	80	50	26	39	0
2	100	100	0	80	50	26	24	0
3	100	100	0	80	50	26	24	0
4	100	100	0	80	50	26	49	0
0	100	100	0	80	51	26	24	0
1	100	100	0	80	51	26	24	0
2	100	100	0	80	51	26	24	0
3	100	100	0	80	51	26	64	0
4	100	100	0	80	51	26	34	0
0	100	100	0	80	52	26	24	0
1	100	100	0	80	52	26	24	0
2	100	100	0	80	52	26	24	0
3	100	100	0	80	52	26	49	0
4	100	100	0	80	52	26	24	0
0	100	100	0	80	52	26	24	0
1	100	100	0	80	52	26	24	0
2	100	100	0	80	52	26	64	0
3	100	100	0	80	52	26	34	0
4	100	100	0	80	52	26	24	0
0	100	100	0	80	52	26	23	0
1	100	100	0	80	52	26	24	0
2	100	100	0	80	52	26	49	0
3	100	100	0	80	52	26	24	0
4	100	100	0	80	52	26	24	0
0	100	100	0	80	53	26	59	0
1	100	100	0	80	53	26	64	0
2	100	100	0	80	53	26	34	0
3	100	100	0	80	53	26	25	0
4	100	100	0	80	53	26	24	0
0	100	100	0	80	54	26	44	0
1	100	100	0	80	54	26	49	0
2	100	100	0	80	54	26	25	0
3	100	100	0	80	54	26	25	0
4	100	100	0	80	54	26	59	0
0	100	100	0	80	55	26	29	0
1	100	100	0	80	55	26	34	0
2	100	100	0	80	55	26	25	0
3	100	100	0	80	55	26	74	0
4	100	100	0	80	55	26	44	0
0	100	100	0	80	55	26	25	0
1	100	100	0	80	55	26	25	0
2	100	100	0	80	55	26	25	0
3	100	100	0	80	55	26	59	0
4	100	100	0	80	55	26	29	0
0	100	100	0	80	56	26	25	0
1	100	100	0	80	56	26	25	0
2	100	100	0	80	56	26	74	0
3	100	100	0	80	56	26	44	0
4	100	100	0	80	56	26	25	0
0	100	100	0	80	57	26	25	0
1	100	100	0	80	57	26	25	0
2	100	100	0	80	57	26	60	0
3	100	100	0	80	57	26	29	0
4	100	100	0	80	57	26	26	0
0	100	100	0	80	58	26	70	0
1	100	100	0	80	58	26	75	0
2	100	100	0	80	58	26	44	0
3	100	100	0	80	58	26	26	0
4	100	100	0	80	58	26	26	0
0	100	100	0	80	59	26	54	0
1	100	100	0	80	59	26	59	0
2	100	100	0	80	59	26	29	0
3	100	100	0	80	59	26	26	0
4	100	100	0	80	59	26	69	0
0	100	100	0	80	60	26	39	0
1	100	100	0	80	60	26	44	0
2	100	100	0	80	60	26	26	0
3	100	100	0	80	60	26	26	0
4	100	100	0	80	60	26	54	0
0	100	100	0	80	60	26	26	0
1	100	100	0	80	60	26	29	0
2	100	100	0	80	60	26	26	0
3	100	100	0	80	60	26	69	0
4	100	100	0	80	60	26	39	0
0	100	100	0	80	61	26	26	0
1	100	100	0	80	61	26	27	0
2	100	100	0	80	61	26	27	0
3	100	100	0	80	61	26	55	0
4	100	100	0	80	61	26	27	0
0	100	100	0	80	62	26	27	0
1	100	100	0	80	62	26	27	0
2	100	100	0	80	62	26	70	0
3	100	100	0	80	62	26	39	0
4	100	100	0	80	62	26	27	0
0	100	100	0	80	63	26	27	0
1	100	100	0	80	63	26	27	0
2	100	100	0	80	63	26	54	0
3	100	100	0	80	63	26	27	0
4	100	100	0	80	63	26	27	0
0	100	100	0	80	63	26	64	0
1	100	100	0	80	63	26	69	0
2	100	100	0	80	63	26	39	0
3	100	100	0	80	63	26	27	0
4	100	100	0	80	63	26	27	0
0	100	100	0	80	64	26	49	0
1	100	100	0	80	64	26	54	0
2	100	100	0	80	64	26	27	0
3	100	100	0	80	64	26	27	0
4	100	100	0	80	64	26	64	0
0	100	100	0	80	65	26	34	0
1	100	100	0	80	65	26	39	0
2	100	100	0	80	65	26	28	0
3	100	100	0	80	65	26	28	0
4	100	100	0	80	65	26	50	0
0	100	100	0	80	66	26	28	0
1	100	100	0	80	66	26	28	0
2	100	100	0	80	66	26	28	0
3	100	100	0	80	66	26	65	0
4	100	100	0	80	66	26	34	0
0	100	100	0	80	67	26	28	0
1	100	100	0	80	67	26	28	0
2	100	100	0	80	67	26	28	0
3	100	100	0	80	67	26	49	0
4	100	100	0	80	67	26	28	0
0	100	100	0	80	68	26	28	0
1	100	100	0	80	68	26	28	0
2	100	100	0	80	68	26	64	0
3	100	100	0	80	68	26	34	0
4	100	100	0	80	68	26	28	0
0	100	100	0	80	68	26	74	0
1	100	100	0	80	68	26	28	0
2	100	100	0	80	68	26	49	0
3	100	100	0	80	68	26	28	0
4	100	100	0	80	68	26	28	0
0	100	100	0	80	69	26	59	0
1	100	100	0	80	69	26	65	0
2	100	100	0	80	69	26	35	0
3	100	100	0	80	69	26	29	0
4	100	100	0	80	69	26	75	0
0	100	100	0	80	70	26	45	0
1	100	100	0	80	70	26	50	0
2	100	100	0	80	70	26	29	0
3	100	100	0	80	70	26	29	0
4	100	100	0	80	70	26	60	0
0	100	100	0	80	71	26	29	0
1	100	100	0	80	71	26	34	0
2	100	100	0	80	71	26	29	0
3	100	100	0	80	71	26	75	0
4	100	100	0	80	71	26	44	0
0	100	100	0	80	72	26	29	0
1	100	100	0	80	72	26	29	0
2	100	100	0	80	72	26	29	0
3	100	100	0	80	72	26	59	0
4	100	100	0	80	72	26	29	0
0	100	100	0	80	72	26	29	0
1	100	100	0	80	72	26	29	0
2	100	100	0	80	72	26	74	0
3	100	100	0	80	72	26	44	0
4	100	100	0	80	72	26	29	0
0	100	100	0	80	73	26	29	0
1	100	100	0	80	73	26	29	0
2	100	100	0	80	73	26	60	0
3	100	100	0	80	73	26	30	0
4	100	100	0	80	73	26	30	0
0	100	100	0	80	74	26	70	0
1	100	100	0	80	74	26	75	0
2	100	100	0	80	74	26	45	0
3	100	100	0	80	74	26	30	0
4	100	100	0	80	74	26	30	0
0	100	100	0	80	75	26	55	0
1	100	100	0	80	75	26	60	0
2	100	100	0	80	75	26	30	0
3	100	100	0	80	75	26	30	0
4	100	100	0	80	75	26	70	0
0	100	100	0	80	75	26	39	0
1	100	100	0	80	75	26	44	0
2	100	100	0	80	75	26	30	0
3	100	100	0	80	75	26	30	0
4	100	100	0	80	75	26	54	0
0	100	100	0	80	76	26	30	0
1	100	100	0	80	76	26	30	0
2	100	100	0	80	76	26	30	0
3	100	100	0	80	76	26	69	0
4	100	100	0	80	76	26	39	0
0	100	100	0	80	77	26	30	0
1	100	100	0	80	77	26	31	0
2	100	100	0	80	77	26	31	0
3	100	100	0	80	77	26	55	0
4	100	100	0	80	77	26	31	0
0	100	100	0	80	78	26	31	0
1	100	100	0	80	78	26	31	0
2	100	100	0	80	78	26	70	0
3	100	100	0	80	78	26	40	0
4	100	100	0	80	78	26	31	0
0	100	100	0	80	79	26	80	0
1	100	100	0	80	79	26	31	0
2	100	100	0	80	79	26	55	0
3	100	100	0	80	79	26	31	0
4	100	100	0	80	79	26	31	0
0	100	100	0	80	80	26	65	0
1	100	100	0	80	80	26	70	0
2	100	100	0	80	80	26	39	0
3	100	100	0	80	80	26	31	0
4	100	100	0	80	80	26	80	0
0	100	100	0	80	81	26	49	0
1	100	100	0	80	81	26	54	0
2	100	100	0	80	81	26	31	0
3	100	100	0	80	81	26	31	0
4	100	100	0	80	81	26	64	0
0	100	100	0	80	81	26	34	0
1	100	100	0	80	81	26	40	0
2	100	100	0	80	81	26	32	0
3	100	100	0	80	81	26	80	0
4	100	100	0	80	81	26	50	0
0	100	100	0	80	82	26	32	0
1	100	100	0	80	82	26	32	0
2	100	100	0	80	82	26	32	0
3	100	100	0	80	82	26	65	0
4	100	100	0	80	82	26	35	0
0	100	100	0	80	83	26	32	0
1	100	100	0	80	83	26	32	0
2	100	100	0	80	83	26	80	0
3	100	100	0	80	83	26	50	0
4	100	100	0	80	83	26	32	0
0	100	100	0	80	84	26	32	0
1	100	100	0	80	84	26	32	0
2	100	100	0	80	84	26	65	0
3	100	100	0	80	84	26	34	0
4	100	100	0	80	84	26	32	0
0	100	100	0	80	85	26	75	0
1	100	100	0	80	85	26	80	0
2	100	100	0	80	85	26	49	0
3	100	100	0	80	85	26	33	0
4	100	100	0	80	85	26	33	0
0	100	100	0	80	86	26	60	0
1	100	100	0	80	86	26	65	0
2	100	100	0	80	86	26	35	0
3	100	100	0	80	86	26	33	0
4	100	100	0	80	86	26	75	0
0	100	100	0	80	86	26	45	0
1	100	100	0	80	86	26	50	0
2	100	100	0	80	86	26	33	0
3	100	100	0	80	86	26	33	0
4	100	100	0	80	86	26	60	0
0	100	100	0	80	87	26	33	0
1	100	100	0	80	87	26	35	0
2	100	100	0	80	87	26	33	0
3	100	100	0	80	87	26	75	0
4	100	100	0	80	87	26	45	0
0	100	100	0	80	88	26	33	0
1	100	100	0	80	88	26	33	0
2	100	100	0	80	88	26	33	0
3	100	100	0	80	88	26	60	0
4	100	100	0	80	88	26	33	0
0	100	100	0	80	89	26	33	0
1	100	100	0	80	89	26	33	0
2	100	100	0	80	89	26	75	0
3	100	100	0	80	89	26	44	0
4	100	100	0	80	89	26	34	0
0	100	100	0	80	90	26	34	0
1	100	100	0	80	90	26	34	0
2	100	100	0	80	90	26	60	0
3	100	100	0	80	90	26	34	0
4	100	100	0	80	90	26	34	0
0	100	100	0	80	90	26	70	0
1	100	100	0	80	90	26	75	0
2	100	100	0	80	90	26	45	0
3	100	100	0	80	90	26	34	0
4	100	100	0	80	90	26	34	0
0	100	100	0	80	91	26	55	0
1	100	100	0	80	91	26	60	0
2	100	100	0	80	91	26	34	0
3	100	100	0	80	91	26	34	0
4	100	100	0	80	91	26	70	0
0	100	100	0	80	92	26	40	0
1	100	100	0	80	92	26	45	0
2	100	100	0	80	92	26	34	0
3	100	100	0	80	92	26	34	0
4	100	100	0	80	92	26	55	0
0	100	100	0	80	93	26	34	0
1	100	100	0	80	93	26	34	0
2	100	100	0	80	93	26	34	0
3	100	100	0	80	93	26	71	0
4	100	100	0	80	93	26	40	0
0	100	100	0	80	94	26	35	0
1	100	100	0	80	94	26	35	0
2	100	100	0	80	94	26	35	0
3	100	100	0	80	94	26	55	0
4	100	100	0	80	94	26	35	0
0	100	100	0	80	95	26	35	0
1	100	100	0	80	95	26	35	0
2	100	100	0	80	95	26	70	0
3	100	100	0	80	95	26	40	0
4	100	100	0	80	95	26	35	0
0	100	100	0	80	95	26	80	0
1	100	100	0	80	95	26	34	0
2	100	100	0	80	95	26	55	0
3	100	100	0	80	95	26	35	0
4	100	100	0	80	95	26	35	0
0	100	100	0	80	96	26	65	0
1	100	100	0	80	96	26	70	0
2	100	100	0	80	96	26	40	0
3	100	100	0	80	96	26	35	0
4	100	100	0	80	96	26	80	0
0	100	100	0	80	97	26	50	0
1	100	100	0	80	97	26	56	0
2	100	100	0	80	97	26	36	0
3	100	100	0	80	97	26	36	0
4	100	100	0	80	97	26	66	0
0	100	100	0	80	98	26	36	0
1	100	100	0	80	98	26	40	0
2	100	100	0	80	98	26	36	0
3	100	100	0	80	98	26	81	0
4	100	100	0	80	98	26	50	0
0	100	100	0	80	100	26	36	0
1	100	100	0	80	100	26	36	0
2	100	100	0	80	100	26	36	0
3	100	100	0	80	100	26	65	0
4	100	100	0	80	100	26	36	0
0	100	100	0	80	100	26	36	0
1	100	100	0	80	100	26	36	0
2	100	100	0	80	100	26	80	0
3	100	100	0	80	100	26	50	0
4	100	100	0	80	100	26	36	0
0	100	100	0	80	101	26	36	0
1	100	100	0	80	101	26	37	0
2	100	100	0	80	101	26	66	0
3	100	100	0	80	101	26	37	0
4	100	100	0	80	101	26	37	0
0	100	100	0	80	102	26	76	0
1	100	100	0	80	102	26	81	0
2	100	100	0	80	102	26	51	0
3	100	100	0	80	102	26	37	0
4	100	100	0	80	102	26	37	0
0	100	100	0	80	103	26	61	0
1	100	100	0	80	103	26	66	0
2	100	100	0	80	103	26	37	0
3	100	100	0	80	103	26	37	0
4	100	100	0	80	103	26	76	0
0	100	100	0	80	104	26	45	0
1	100	100	0	80	104	26	50	0
2	100	100	0	80	104	26	37	0
3	100	100	0	80	104	26	37	0
4	100	100	0	80	104	26	60	0
0	100	100	0	80	105	26	37	0
1	100	100	0	80	105	26	37	0
2	100	100	0	80	105	26	37	0
3	100	100	0	80	105	26	75	0
4	100	100	0	80	105	26	46	0
0	100	100	0	80	106	26	38	0
1	100	100	0	80	106	26	38	0
2	100	100	0	80	106	26	38	0
3	100	100	0	80	106	26	61	0
4	100	100	0	80	106	26	38	0
0	100	100	0	80	106	26	38	0
1	100	100	0	80	106	26	38	0
2	100	100	0	80	106	26	76	0
3	100	100	0	80	106	26	46	0
4	100	100	0	80	106	26	38	0
0	100	100	0	80	106	26	86	0
1	100	100	0	80	106	26	38	0
2	100	100	0	80	106	26	61	0
3	100	100	0	80	106	26	38	0
4	100	100	0	80	106	26	38	0
0	100	100	0	80	106	26	71	0
1	100	100	0	80	106	26	76	0
2	100	100	0	80	106	26	45	0
3	100	100	0	80	106	26	38	0
4	100	100	0	80	106	26	86	0
0	100	100	0	80	106	26	55	0
1	100	100	0	80	106	26	60	0
2	100	100	0	80	106	26	38	0
3	100	100	0	80	106	26	38	0
4	100	100	0	80	106	26	70	0
0	100	100	0	80	106	26	40	0
1	100	100	0	80	106	26	45	0
2	100	100	0	80	106	26	38	0
3	100	100	0	80	106	26	85	0
4	100	100	0	80	106	26	55	0
0	100	100	0	80	106	26	38	0
1	100	100	0	80	106	26	38	0
2	100	100	0	80	106	26	38	0
3	100	100	0	80	106	26	70	0
4	100	100	0	80	106	26	40	0
0	100	100	0	80	106	26	38	0
1	100	100	0	80	106	26	38	0
2	100	100	0	80	106	26	85	0
3	100	100	0	80	106	26	55	0
4	100	100	0	80	106	26	38	0
0	100	100	0	80	106	26	38	0
1	100	100	0	80	106	26	38	0
2	100	100	0	80	106	26	70	0
3	100	100	0	80	106	26	39	0
4	100	100	0	80	106	26	38	0
0	100	100	0	80	106	26	80	0
1	100	100	0	80	106	26	85	0
2	100	100	0	80	106	26	54	0
3	100	100	0	80	106	26	38	0
4	100	100	0	80	106	26	38	0
0	100	100	0	80	106	26	64	0
1	100	100	0	80	106	26	69	0
2	100	100	0	80	106	26	39	0
3	100	100	0	80	106	26	38	0
4	100	100	0	80	106	26	79	0
0	100	100	0	80	106	26	49	0
1	100	100	0	80	106	26	54	0
2	100	100	0	80	106	26	38	0
3	100	100	0	80	106	26	38	0
4	100	100	0	80	106	26	64	0
0	100	100	0	80	106	26	38	0
1	100	100	0	80	106	26	39	0
2	100	100	0	80	106	26	38	0
3	100	100	0	80	106	26	79	0
4	100	100	0	80	106	26	49	0
0	100	100	0	80	106	26	38	0
1	100	100	0	80	106	26	38	0
2	100	100	0	80	106	26	38	0
3	100	100	0	80	106	26	64	0
4	100	100	0	80	106	26	38	0
0	100	100	0	80	106	26	38	0
1	100	100	0	80	106	26	38	0
2	100	100	0	80	106	26	79	0
3	100	100	0	80	106	26	48	0
4	100	100	0	80	106	26	38	0
0	100	100	0	80	106	26	38	0
1	100	100	0	80	106	26	38	0
2	100	100	0	80	106	26	63	0
3	100	100	0	80	106	26	38	0
4	100	100	0	80	106	26	38	0
0	100	100	0	80	106	26	73	0
1	100	100	0	80	106	26	78	0
2	100	100	0	80	106	26	48	0
3	100	100	0	80	106	26	38	0
4	100	100	0	80	106	26	37	0
0	100	100	0	80	106	26	58	0
1	100	100	0	80	106	26	63	0
2	100	100	0	80	106	26	38	0
3	100	100	0	80	106	26	38	0
4	100	100	0	80	106	26	73	0
0	100	100	0	80	106	26	43	0
1	100	100	0	80	106	26	48	0
2	100	100	0	80	106	26	38	0
3	100	100	0	80	106	26	37	0
4	100	100	0	80	106	26	58	0
0	100	100	0	80	106	26	38	0
1	100	100	0	80	106	26	38	0
2	100	100	0	80	106	26	38	0
3	100	100	0	80	106	26	73	0
4	100	100	0	80	106	26	42	0
0	100	100	0	80	106	26	38	0
1	100	100	0	80	106	26	38	0
2	100	100	0	80	106	26	37	0
3	100	100	0	80	106	26	57	0
4	100	100	0	80	106	26	38	0
0	100	100	0	80	106	26	38	0
1	100	100	0	80	106	26	38	0
2	100	100	0	80	106	26	72	0
3	100	100	0	80	106	26	42	0
4	100	100	0	80	106	26	38	0
0	100	100	0	80	106	26	82	0
1	100	100	0	80	106	26	87	0
2	100	100	0	80	106	26	57	0
3	100	100	0	80	106	26	38	0
4	100	100	0	80	106	26	38	0
0	100	100	0	80	106	26	67	0
1	100	100	0	80	106	26	72	0
2	100	100	0	80	106	26	42	0
3	100	100	0	80	106	26	38	0
4	100	100	0	80	106	26	82	0
0	100	100	0	80	106	26	52	0
1	100	100	0	80	106	26	57	0
2	100	100	0	80	106	26	38	0
3	100	100	0	80	106	26	38	0
4	100	100	0	80	106	26	67	0
0	100	100	0	80	106	26	38	0
1	100	100	0	80	106	26	41	0
2	100	100	0	80	106	26	38	0
3	100	100	0	80	106	26	82	0
4	100	100	0	80	106	26	51	0
0	100	100	0	80	106	26	38	0
1	100	100	0	80	106	26	38	0
2	100	100	0	80	106	26	38	0
3	100	100	0	80	106	26	66	0
4	100	100	0	80	106	26	38	0
0	100	100	0	80	106	26	38	0
1	100	100	0	80	106	26	38	0
2	100	100	0	80	106	26	81	0
3	100	100	0	80	106	26	51	0
4	100	100	0	80	106	26	38	0
0	100	100	0	80	106	26	38	0
1	100	100	0	80	106	26	38	0
2	100	100	0	80	106	26	66	0
3	100	100	0	80	106	26	38	0
4	100	100	0	80	106	26	38	0
0	100	100	0	80	106	26	76	0
1	100	100	0	80	106	26	81	0
2	100	100	0	80	106	26	51	0
3	100	100	0	80	106	26	38	0
4	100	100	0	80	106	26	38	0
0	100	100	0	80	106	26	61	0
1	100	100	0	80	106	26	66	0
2	100	100	0	80	106	26	38	0
3	100	100	0	80	106	26	38	0
4	100	100	0	80	106	26	76	0
0	100	100	0	80	106	26	45	0
1	100	100	0	80	106	26	50	0
2	100	100	0	80	106	26	38	0
3	100	100	0	80	106	26	38	0
4	100	100	0	80	106	26	60	0
0	100	100	0	80	106	26	38	0
1	100	100	0	80	106	26	38	0
2	100	100	0	80	106	26	38	0
3	100	100	0	80	106	26	75	0
4	100	100	0	80	106	26	45	0
0	100	100	0	80	106	26	38	0
1	100	100	0	80	106	26	38	0
2	100	100	0	80	106	26	38	0
3	100	100	0	80	106	26	60	0
4	100	100	0	80	106	26	38	0
0	100	100	0	80	106	26	38	0
1	100	100	0	80	106	26	38	0
2	100	100	0	80	106	26	75	0
3	100	100	0	80	106	26	45	0
4	100	100	0	80	106	26	38	0
0	100	100	0	80	106	26	85	0
1	100	100	0	80	106	26	38	0
2	100	100	0	80	106	26	60	0
3	100	100	0	80	106	26	38	0
4	100	100	0	80	106	26	38	0
0	100	100	0	80	106	26	70	0
1	100	100	0	80	106	26	75	0
2	100	100	0	80	106	26	44	0
3	100	100	0	80	106	26	38	0
4	100	100	0	80	106	26	85	0
0	100	100	0	80	106	26	54	0
1	100	100	0	80	106	26	59	0
2	100	100	0	80	106	26	38	0
3	100	100	0	80	106	26	38	0
4	100	100	0	80	106	26	69	0
0	100	100	0	80	106	26	39	0
1	100	100	0	80	106	26	44	0
2	100	100	0	80	106	26	38	0
3	100	100	0	80	106	26	84	0
4	100	100	0	80	106	26	54	0
0	100	100	0	80	106	26	38	0
1	100	100	0	80	106	26	38	0
2	100	100	0	80	106	26	38	0
3	100	100	0	80	106	26	69	0
4	100	100	0	80	106	26	39	0
0	100	100	0	80	106	26	38	0
1	100	100	0	80	106	26	38	0
2	100	100	0	80	106	26	4492501	0
3	100	100	0	80	106	26	3650955	0
4	100	100	0	80	106	26	3651006	0
0	100	100	0	80	106	26	3651067	0
1	100	100	0	80	106	26	2809557	0
2	100	100	0	80	106	26	3651189	0
3	100	100	0	80	106	26	3651250	0
4	100	100	0	80	106	26	3651311	0
0	100	100	0	80	106	26	3651363	0
1	100	100	0	80	106	26	2809817	0
2	100	100	0	80	106	26	3651465	0
3	100	100	0	80	106	26	3651516	0
4	100	100	0	80	106	26	3651567	0
0	100	100	0	80	106	26	3651627	0
1	100	100	0	80	106	26	2810118	0
2	100	100	0	80	106	26	3651749	0
3	100	100	0	80	106	26	3651810	0
4	100	100	0	80	106	26	3651871	0
0	100	100	0	80	106	26	3651924	0
1	100	100	0	80	106	26	2810377	0
2	100	100	0	80	106	26	3652026	0
3	100	100	0	80	106	26	3652077	0
4	100	100	0	80	106	26	3652128	0
0	100	100	0	80	106	26	3652187	0
1	100	100	0	80	106	26	2810679	0
2	100	100	0	80	106	26	3652309	0
3	100	100	0	80	106	26	3652370	0
4	100	100	0	80	106	26	3652431	0
0	100	100	0	80	106	26	3652485	0
1	100	100	0	80	106	26	2810937	0
2	100	100	0	80	106	26	3652587	0
3	100	100	0	80	106	26	3652638	0
4	100	100	0	80	106	26	3652689	0
0	100	100	0	80	106	26	3652747	0
1	100	100	0	80	106	26	2811240	0
2	100	100	0	80	106	26	3652869	0
3	100	100	0	80	106	26	3652930	0
4	100	100	0	80	106	26	3652991	0
0	100	100	0	80	106	26	3653046	0
1	100	100	0	80	106	26	2811497	0
2	100	100	0	80	106	26	3653148	0
3	100	100	0	80	106	26	3653199	0
4	100	100	0	80	106	26	3653250	0
0	100	100	0	80	106	26	3653307	0
1	100	100	0	80	106	26	2811801	0
2	100	100	0	80	106	26	3653429	0
3	100	100	0	80	106	26	3653490	0
4	100	100	0	80	106	26	3653551	0
0	100	100	0	80	106	26	3653607	0
1	100	100	0	80	106	26	2812057	0
2	100	100	0	80	106	26	3653709	0
3	100	100	0	80	106	26	3653760	0
4	100	100	0	80	106	26	3653811	0
0	100	100	0	80	106	26	3653867	0
1	100	100	0	80	106	26	2812362	0
2	100	100	0	80	106	26	3653989	0
3	100	100	0	80	106	26	3654050	0
4	100	100	0	80	106	26	3654111	0
0	100	100	0	80	106	26	3654168	0
1	100	100	0	80	106	26	2812617	0
2	100	100	0	80	106	26	3654270	0
3	100	100	0	80	106	26	3654321	0
4	100	100	0	80	106	26	3654372	0
0	100	100	0	80	106	26	3654427	0
1	100	100	0	80	106	26	2812922	0
2	100	100	0	80	106	26	3654549	0
3	100	100	0	80	106	26	3654610	0
4	100	100	0	80	106	26	3654671	0
0	100	100	0	80	106	26	3654729	0
1	100	100	0	80	106	26	2813178	0
2	100	100	0	80	106	26	3654831	0
3	100	100	0	80	106	26	3654882	0
4	100	100	0	80	106	26	3654933	0
0	100	100	0	80	106	26	3654987	0
1	100	100	0	80	106	26	2813482	0
2	100	100	0	80	106	26	3655109	0
3	100	100	0	80	106	26	3655170	0
4	100	100	0	80	106	26	3655231	0
0	100	100	0	80	106	26	3655290	0
1	100	100	0	80	106	26	2813739	0
2	100	100	0	80	106	26	3655392	0
3	100	100	0	80	106	26	3655443	0
4	100	100	0	80	106	26	3655494	0
0	100	100	0	80	106	26	3655547	0
1	100	100	0	80	106	26	48259592	0
2	100	100	0	80	106	26	49101208	0
3	100	100	0	80	106	26	49101258	0
4	100	100	0	80	106	26	49101308	0
0	100	100	0	80	106	26	3655808	0
1	100	100	0	80	106	26	2814300	0
2	100	100	0	80	106	26	3655930	0
3	100	100	0	80	106	26	3655991	0
4	100	100	0	80	106	26	3656052	0
0	100	100	0	80	106	26	3656106	0
1	100	100	0	80	106	26	2814558	0
2	100	100	0	80	106	26	3656208	0
3	100	100	0	80	106	26	3656259	0
4	100	100	0	80	106	26	3656310	0
0	100	100	0	80	106	26	3656368	0
1	100	100	0	80	106	26	2814861	0
2	100	100	0	80	106	26	3656490	0
3	100	100	0	80	106	26	3656551	0
4	100	100	0	80	106	26	3656612	0
0	100	100	0	80	106	26	3656667	0
1	100	100	0	80	106	26	2815118	0
2	100	100	0	80	106	26	3656769	0
3	100	100	0	80	106	26	3656820	0
4	100	100	0	80	106	26	3656871	0
0	100	100	0	80	106	26	3656928	0
1	100	100	0	80	106	26	2815422	0
2	100	100	0	80	106	26	3657050	0
3	100	100	0	80	106	26	3657111	0
4	100	100	0	80	106	26	3657172	0
0	100	100	0	80	106	26	3657228	0
1	100	100	0	80	106	26	2815678	0
2	100	100	0	80	106	26	3657330	0
3	100	100	0	80	106	26	3657381	0
4	100	100	0	80	106	26	3657432	0
0	100	100	0	80	106	26	3657488	0
1	100	100	0	80	106	26	2815983	0
2	100	100	0	80	106	26	3657610	0
3	100	100	0	80	106	26	3657671	0
4	100	100	0	80	106	26	3657732	0
0	100	100	0	80	106	26	3657789	0
1	100	100	0	80	106	26	2816238	0
2	100	100	0	80	106	26	3657891	0
3	100	100	0	80	106	26	3657942	0
4	100	100	0	80	106	26	3657993	0
0	100	100	0	80	106	26	123502	0
1	100	100	0	80	106	26	123762	0
2	100	100	0	80	106	26	460608	0
3	100	100	0	80	106	26	292460	0
4	100	100	0	80	106	26	124282	0
0	100	100	0	80	106	26	461118	0
1	100	100	0	80	106	26	461373	0
2	100	100	0	80	106	26	293226	0
3	100	100	0	80	106	26	125062	0
4	100	100	0	80	106	26	461887	0
0	100	100	0	80	106	26	293736	0
1	100	100	0	80	106	26	293991	0
2	100	100	0	80	106	26	125842	0
3	100	100	0	80	106	26	462667	0
4	100	100	0	80	106	26	294501	0
0	100	100	0	80	106	26	126354	0
1	100	100	0	80	106	26	126609	0
2	100	100	0	80	106	26	463447	0
3	100	100	0	80	106	26	295270	0
4	100	100	0	80	106	26	127119	0
0	100	100	0	80	106	26	463967	0
1	100	100	0	80	106	26	464227	0
2	100	100	0	80	106	26	296050	0
3	100	100	0	80	106	26	127884	0
4	100	100	0	80	106	26	464739	0
0	100	100	0	80	106	26	296570	0
1	100	100	0	80	106	26	296830	0
2	100	100	0	80	106	26	128652	0
3	100	100	0	80	106	26	465504	0
4	100	100	0	80	106	26	297350	0
0	100	100	0	80	106	26	129172	0
1	100	100	0	80	106	26	129432	0
2	100	100	0	80	106	26	466269	0
3	100	100	0	80	106	26	298122	0
4	100	100	0	80	106	26	129952	0
0	100	100	0	80	106	26	466779	0
1	100	100	0	80	106	26	467037	0
2	100	100	0	80	106	26	298887	0
3	100	100	0	80	106	26	130732	0
4	100	100	0	80	106	26	467557	0
0	100	100	0	80	106	26	299397	0
1	100	100	0	80	106	26	299652	0
2	100	100	0	80	106	26	131505	0
3	100	100	0	80	106	26	468337	0
4	100	100	0	80	106	26	300162	0
0	100	100	0	80	106	26	132015	0
1	100	100	0	80	106	26	132270	0
2	100	100	0	80	106	26	469117	0
3	100	100	0	80	106	26	300940	0
4	100	100	0	80	106	26	132780	0
0	100	100	0	80	106	26	469635	0
1	100	100	0	80	106	26	469890	0
2	100	100	0	80	106	26	301720	0
3	100	100	0	80	106	26	133545	0
4	100	100	0	80	106	26	470400	0
0	100	100	0	80	106	26	302240	0
1	100	100	0	80	106	26	302500	0
2	100	100	0	80	106	26	134322	0
3	100	100	0	80	106	26	471165	0
4	100	100	0	80	106	26	303018	0
0	100	100	0	80	106	26	134842	0
1	100	100	0	80	106	26	135102	0
2	100	100	0	80	106	26	471930	0
3	100	100	0	80	106	26	303783	0
4	100	100	0	80	106	26	135622	0
0	100	100	0	80	106	26	472447	0
1	100	100	0	80	106	26	472707	0
2	100	100	0	80	106	26	304548	0
3	100	100	0	80	106	26	136401	0
4	100	100	0	80	106	26	473227	0
0	100	100	0	80	106	26	305058	0
1	100	100	0	80	106	26	305313	0
2	100	100	0	80	106	26	137166	0
3	100	100	0	80	106	26	474007	0
4	100	100	0	80	106	26	305830	0
0	100	100	0	80	106	26	137676	0
1	100	100	0	80	106	26	137931	0
2	100	100	0	80	106	26	474786	0
3	100	100	0	80	106	26	306610	0
4	100	100	0	80	106	26	138441	0
0	100	100	0	80	106	26	475296	0
1	100	100	0	80	106	26	475551	0
2	100	100	0	80	106	26	307390	0
3	100	100	0	80	106	26	139212	0
4	100	100	0	80	106	26	476061	0
0	100	100	0	80	106	26	307910	0
1	100	100	0	80	106	26	308169	0
2	100	100	0	80	106	26	139992	0
3	100	100	0	80	106	26	476826	0
4	100	100	0	80	106	26	308679	0
0	100	100	0	80	106	26	140512	0
1	100	100	0	80	106	26	140772	0
2	100	100	0	80	106	26	477597	0
3	100	100	0	80	106	26	309444	0
4	100	100	0	80	106	26	141292	0
0	100	100	0	80	106	26	478117	0
1	100	100	0	80	106	26	478377	0
2	100	100	0	80	106	26	310209	0
3	100	100	0	80	106	26	142062	0
4	100	100	0	80	106	26	478897	0
0	100	100	0	80	106	26	310720	0
1	100	100	0	80	106	26	310980	0
2	100	100	0	80	106	26	142827	0
3	100	100	0	80	106	26	479677	0
4	100	100	0	80	106	26	311500	0
0	100	100	0	80	106	26	143337	0
1	100	100	0	80	106	26	143592	0
2	100	100	0	80	106	26	480447	0
3	100	100	0	80	106	26	312280	0
4	100	100	0	80	106	26	144102	0
0	100	100	0	80	106	26	480957	0
1	100	100	0	80	106	26	481212	0
2	100	100	0	80	106	26	313060	0
3	100	100	0	80	106	26	144882	0
4	100	100	0	80	106	26	481722	0
0	100	100	0	80	106	26	313575	0
1	100	100	0	80	106	26	313830	0
2	100	100	0	80	106	26	145662	0
3	100	100	0	80	106	26	482487	0
4	100	100	0	80	106	26	314340	0
0	100	100	0	80	106	26	146182	0
1	100	100	0	80	106	26	146442	0
2	100	100	0	80	106	26	483267	0
3	100	100	0	80	106	26	315105	0
4	100	100	0	80	106	26	146958	0
0	100	100	0	80	106	26	483787	0
1	100	100	0	80	106	26	484047	0
2	100	100	0	80	106	26	315870	0
3	100	100	0	80	106	26	147723	0
4	100	100	0	80	106	26	484567	0
0	100	100	0	80	106	26	316390	0
1	100	100	0	80	106	26	316650	0
2	100	100	0	80	106	26	148488	0
3	100	100	0	80	106	26	485343	0
4	100	100	0	80	106	26	317170	0
0	100	100	0	80	106	26	148998	0
1	100	100	0	80	106	26	149253	0
2	100	100	0	80	106	26	486108	0
3	100	100	0	80	106	26	317950	0
4	100	100	0	80	106	26	149772	0
0	100	100	0	80	106	26	486618	0
1	100	100	0	80	106	26	486873	0
2	100	100	0	80	106	26	318726	0
3	100	100	0	80	106	26	150552	0
4	100	100	0	80	106	26	487383	0
0	100	100	0	80	106	26	319236	0
1	100	100	0	80	106	26	319491	0
2	100	100	0	80	106	26	151332	0
3	100	100	0	80	106	26	488157	0
4	100	100	0	80	106	26	320001	0
0	100	100	0	80	106	26	151852	0
1	100	100	0	80	106	26	152109	0
2	100	100	0	80	106	26	488937	0
3	100	100	0	80	106	26	320766	0
4	100	100	0	80	106	26	152619	0
0	100	100	0	80	106	26	489457	0
1	100	100	0	80	106	26	489717	0
2	100	100	0	80	106	26	321540	0
3	100	100	0	80	106	26	153384	0
4	100	100	0	80	106	26	490237	0
0	100	100	0	80	106	26	322060	0
1	100	100	0	80	106	26	322320	0
2	100	100	0	80	106	26	154149	0
3	100	100	0	80	106	26	491004	0
4	100	100	0	80	106	26	322840	0
0	100	100	0	80	106	26	154662	0
1	100	100	0	80	106	26	154922	0
2	100	100	0	80	106	26	491769	0
3	100	100	0	80	106	26	323620	0
4	100	100	0	80	106	26	155442	0
0	100	100	0	80	106	26	492279	0
1	100	100	0	80	106	26	492534	0
2	100	100	0	80	106	26	324387	0
3	100	100	0	80	106	26	156222	0
4	100	100	0	80	106	26	493047	0
0	100	100	0	80	106	26	324897	0
1	100	100	0	80	106	26	325152	0
2	100	100	0	80	106	26	157002	0
3	100	100	0	80	106	26	493827	0
4	100	100	0	80	106	26	325662	0
0	100	100	0	80	106	26	157515	0
1	100	100	0	80	106	26	157770	0
2	100	100	0	80	106	26	494607	0
3	100	100	0	80	106	26	326430	0
4	100	100	0	80	106	26	158280	0
0	100	100	0	80	106	26	495127	0
1	100	100	0	80	106	26	495387	0
2	100	100	0	80	106	26	327210	0
3	100	100	0	80	106	26	159045	0
4	100	100	0	80	106	26	495900	0
0	100	100	0	80	106	26	327730	0
1	100	100	0	80	106	26	327990	0
2	100	100	0	80	106	26	159812	0
3	100	100	0	80	106	26	496665	0
4	100	100	0	80	106	26	328510	0
0	100	100	0	80	106	26	160332	0
1	100	100	0	80	106	26	160592	0
2	100	100	0	80	106	26	497430	0
3	100	100	0	80	106	26	329283	0
4	100	100	0	80	106	26	161112	0
0	100	100	0	80	106	26	497940	0
1	100	100	0	80	106	26	498197	0
2	100	100	0	80	106	26	330048	0
3	100	100	0	80	106	26	161892	0
4	100	100	0	80	106	26	498717	0
0	100	100	0	80	106	26	330558	0
1	100	100	0	80	106	26	330813	0
2	100	100	0	80	106	26	162666	0
3	100	100	0	80	106	26	499497	0
4	100	100	0	80	106	26	331323	0
0	100	100	0	80	106	26	163176	0
1	100	100	0	80	106	26	163431	0
2	100	100	0	80	106	26	500277	0
3	100	100	0	80	106	26	332100	0
4	100	100	0	80	106	26	163941	0
0	100	100	0	80	106	26	500796	0
1	100	100	0	80	106	26	501051	0
2	100	100	0	80	106	26	332880	0
3	100	100	0	80	106	26	164706	0
4	100	100	0	80	106	26	501561	0
0	100	100	0	80	106	26	333400	0
1	100	100	0	80	106	26	333660	0
2	100	100	0	80	106	26	165482	0
3	100	100	0	80	106	26	502326	0
4	100	100	0	80	106	26	334179	0
0	100	100	0	80	106	26	166002	0
1	100	100	0	80	106	26	166262	0
2	100	100	0	80	106	26	503091	0
3	100	100	0	80	106	26	334944	0
4	100	100	0	80	106	26	166782	0
0	100	100	0	80	106	26	503607	0
1	100	100	0	80	106	26	503867	0
2	100	100	0	80	106	26	335709	0
3	100	100	0	80	106	26	167562	0
4	100	100	0	80	106	26	504387	0
0	100	100	0	80	106	26	336219	0
1	100	100	0	80	106	26	336474	0
2	100	100	0	80	106	26	168327	0
3	100	100	0	80	106	26	165	0
4	100	100	0	80	106	26	336990	0
0	100	100	0	80	106	26	168837	0
1	100	100	0	80	106	26	169092	0
2	100	100	0	80	106	26	945	0
3	100	100	0	80	106	26	337770	0
4	100	100	0	80	106	26	169602	0
0	100	100	0	80	106	26	1455	0
1	100	100	0	80	106	26	1710	0
2	100	100	0	80	106	26	338550	0
3	100	100	0	80	106	26	170372	0
4	100	100	0	80	106	26	2220	0
0	100	100	0	80	106	26	339070	0
1	100	100	0	80	106	26	339330	0
2	100	100	0	80	106	26	171152	0
3	100	100	0	80	106	26	2985	0
4	100	100	0	80	106	26	339840	0
0	100	100	0	80	106	26	171672	0
1	100	100	0	80	106	26	171932	0
2	100	100	0	80	106	26	3755	0
3	100	100	0	80	106	26	340605	0
4	100	100	0	80	106	26	172452	0
0	100	100	0	80	106	26	4275	0
1	100	100	0	80	106	26	4535	0
2	100	100	0	80	106	26	341370	0
3	100	100	0	80	106	26	173223	0
4	100	100	0	80	106	26	5055	0
0	100	100	0	80	106	26	341880	0
1	100	100	0	80	106	26	342140	0
2	100	100	0	80	106	26	173988	0
3	100	100	0	80	106	26	5835	0
4	100	100	0	80	106	26	342660	0
0	100	100	0	80	106	26	174498	0
1	100	100	0	80	106	26	174753	0
2	100	100	0	80	106	26	6606	0
3	100	100	0	80	106	26	343440	0
4	100	100	0	80	106	26	175263	0
0	100	100	0	80	106	26	7116	0
1	100	100	0	80	106	26	7371	0
2	100	100	0	80	106	26	344220	0
3	100	100	0	80	106	26	176042	0
4	100	100	0	80	106	26	7881	0
0	100	100	0	80	106	26	344736	0
1	100	100	0	80	106	26	344991	0
2	100	100	0	80	106	26	176822	0
3	100	100	0	80	106	26	8646	0
4	100	100	0	80	106	26	345501	0
0	100	100	0	80	106	26	177342	0
1	100	100	0	80	106	26	177602	0
2	100	100	0	80	106	26	9425	0
3	100	100	0	80	106	26	346266	0
4	100	100	0	80	106	26	178119	0
0	100	100	0	80	106	26	9945	0
1	100	100	0	80	106	26	10205	0
2	100	100	0	80	106	26	347031	0
3	100	100	0	80	106	26	178884	0
4	100	100	0	80	106	26	10725	0
0	100	100	0	80	106	26	347550	0
1	100	100	0	80	106	26	347810	0
2	100	100	0	80	106	26	179649	0
3	100	100	0	80	106	26	11502	0
4	100	100	0	80	106	26	348330	0
0	100	100	0	80	106	26	180159	0
1	100	100	0	80	106	26	180414	0
2	100	100	0	80	106	26	12267	0
3	100	100	0	80	106	26	349110	0
4	100	100	0	80	106	26	180932	0
0	100	100	0	80	106	26	12777	0
1	100	100	0	80	106	26	13032	0
2	100	100	0	80	106	26	349887	0
3	100	100	0	80	106	26	181712	0
4	100	100	0	80	106	26	13542	0
0	100	100	0	80	106	26	350397	0
1	100	100	0	80	106	26	350652	0
2	100	100	0	80	106	26	182492	0
3	100	100	0	80	106	26	14315	0
4	100	100	0	80	106	26	351162	0
0	100	100	0	80	106	26	183012	0
1	100	100	0	80	106	26	183270	0
2	100	100	0	80	106	26	15095	0
3	100	100	0	80	106	26	351927	0
4	100	100	0	80	106	26	183780	0
0	100	100	0	80	106	26	15615	0
1	100	100	0	80	106	26	15875	0
2	100	100	0	80	106	26	352700	0
3	100	100	0	80	106	26	184545	0
4	100	100	0	80	106	26	16395	0
0	100	100	0	80	106	26	353220	0
1	100	100	0	80	106	26	353480	0
2	100	100	0	80	106	26	185310	0
3	100	100	0	80	106	26	17163	0
4	100	100	0	80	106	26	354000	0
0	100	100	0	80	106	26	185822	0
1	100	100	0	80	106	26	186082	0
2	100	100	0	80	106	26	17928	0
3	100	100	0	80	106	26	354780	0
4	100	100	0	80	106	26	186602	0
0	100	100	0	80	106	26	18438	0
1	100	100	0	80	106	26	18693	0
2	100	100	0	80	106	26	355548	0
3	100	100	0	80	106	26	187382	0
4	100	100	0	80	106	26	19205	0
0	100	100	0	80	106	26	356058	0
1	100	100	0	80	106	26	356313	0
2	100	100	0	80	106	26	188162	0
3	100	100	0	80	106	26	19985	0
4	100	100	0	80	106	26	356823	0
0	100	100	0	80	106	26	188676	0
1	100	100	0	80	106	26	188931	0
2	100	100	0	80	106	26	20765	0
3	100	100	0	80	106	26	357590	0
4	100	100	0	80	106	26	189441	0
0	100	100	0	80	106	26	21285	0
1	100	100	0	80	106	26	21545	0
2	100	100	0	80	106	26	358370	0
3	100	100	0	80	106	26	190206	0
4	100	100	0	80	106	26	22059	0
0	100	100	0	80	106	26	358890	0
1	100	100	0	80	106	26	359150	0
2	100	100	0	80	106	26	190972	0
3	100	100	0	80	106	26	22824	0
4	100	100	0	80	106	26	359670	0
0	100	100	0	80	106	26	191492	0
1	100	100	0	80	106	26	191752	0
2	100	100	0	80	106	26	23589	0
3	100	100	0	80	106	26	360444	0
4	100	100	0	80	106	26	192272	0
0	100	100	0	80	106	26	24099	0
1	100	100	0	80	106	26	24355	0
2	100	100	0	80	106	26	361209	0
3	100	100	0	80	106	26	193052	0
4	100	100	0	80	106	26	24875	0
0	100	100	0	80	106	26	361719	0
1	100	100	0	80	106	26	361974	0
2	100	100	0	80	106	26	193827	0
3	100	100	0	80	106	26	25655	0
4	100	100	0	80	106	26	362484	0
0	100	100	0	80	106	26	194337	0
1	100	100	0	80	106	26	194592	0
2	100	100	0	80	106	26	26435	0
3	100	100	0	80	106	26	363260	0
4	100	100	0	80	106	26	195102	0
0	100	100	0	80	106	26	26955	0
1	100	100	0	80	106	26	27210	0
2	100	100	0	80	106	26	364040	0
3	100	100	0	80	106	26	195867	0
4	100	100	0	80	106	26	27720	0
0	100	100	0	80	106	26	364560	0
1	100	100	0	80	106	26	364820	0
2	100	100	0	80	106	26	196642	0
3	100	100	0	80	106	26	28485	0
4	100	100	0	80	106	26	365340	0
0	100	100	0	80	106	26	197162	0
1	100	100	0	80	106	26	197422	0
2	100	100	0	80	106	26	29250	0
3	100	100	0	80	106	26	366105	0
4	100	100	0	80	106	26	197942	0
0	100	100	0	80	106	26	29765	0
1	100	100	0	80	106	26	30025	0
2	100	100	0	80	106	26	366870	0
3	100	100	0	80	106	26	198722	0
4	100	100	0	80	106	26	30545	0
0	100	100	0	80	106	26	367380	0
1	100	100	0	80	106	26	367635	0
2	100	100	0	80	106	26	199488	0
3	100	100	0	80	106	26	31325	0
4	100	100	0	80	106	26	368150	0
0	100	100	0	80	106	26	199998	0
1	100	100	0	80	106	26	200253	0
2	100	100	0	80	106	26	32105	0
3	100	100	0	80	106	26	368930	0
4	100	100	0	80	106	26	200763	0
0	100	100	0	80	106	26	32616	0
1	100	100	0	80	106	26	32871	0
2	100	100	0	80	106	26	369710	0
3	100	100	0	80	106	26	201532	0
4	100	100	0	80	106	26	33381	0
0	100	100	0	80	106	26	370230	0
1	100	100	0	80	106	26	370490	0
2	100	100	0	80	106	26	202312	0
3	100	100	0	80	106	26	34146	0
4	100	100	0	80	106	26	371001	0
0	100	100	0	80	106	26	202832	0
1	100	100	0	80	106	26	203092	0
2	100	100	0	80	106	26	34915	0
3	100	100	0	80	106	26	371766	0
4	100	100	0	80	106	26	203612	0
0	100	100	0	80	106	26	35435	0
1	100	100	0	80	106	26	35695	0
2	100	100	0	80	106	26	372531	0
3	100	100	0	80	106	26	204384	0
4	100	100	0	80	106	26	36215	0
0	100	100	0	80	106	26	373041	0
1	100	100	0	80	106	26	373300	0
2	100	100	0	80	106	26	205149	0
3	100	100	0	80	106	26	36995	0
4	100	100	0	80	106	26	373820	0
0	100	100	0	80	106	26	205659	0
1	100	100	0	80	106	26	205914	0
2	100	100	0	80	106	26	37767	0
3	100	100	0	80	106	26	374600	0
4	100	100	0	80	106	26	206424	0
0	100	100	0	80	106	26	38277	0
1	100	100	0	80	106	26	38532	0
2	100	100	0	80	106	26	375380	0
3	100	100	0	80	106	26	207202	0
4	100	100	0	80	106	26	39042	0
0	100	100	0	80	106	26	375897	0
1	100	100	0	80	106	26	376152	0
2	100	100	0	80	106	26	207982	0
3	100	100	0	80	106	26	39807	0
4	100	100	0	80	106	26	376662	0
0	100	100	0	80	106	26	208502	0
1	100	100	0	80	106	26	208762	0
2	100	100	0	80	106	26	40585	0
3	100	100	0	80	106	26	377427	0
4	100	100	0	80	106	26	209280	0
0	100	100	0	80	106	26	41105	0
1	100	100	0	80	106	26	41365	0
2	100	100	0	80	106	26	378192	0
3	100	100	0	80	106	26	210045	0
4	100	100	0	80	106	26	41885	0
0	100	100	0	80	106	26	378710	0
1	100	100	0	80	106	26	378970	0
2	100	100	0	80	106	26	210810	0
3	100	100	0	80	106	26	42663	0
4	100	100	0	80	106	26	379490	0
0	100	100	0	80	106	26	211320	0
1	100	100	0	80	106	26	211575	0
2	100	100	0	80	106	26	43428	0
3	100	100	0	80	106	26	380270	0
4	100	100	0	80	106	26	212092	0
0	100	100	0	80	106	26	43938	0
1	100	100	0	80	106	26	44193	0
2	100	100	0	80	106	26	381048	0
3	100	100	0	80	106	26	212872	0
4	100	100	0	80	106	26	44703	0
0	100	100	0	80	106	26	381558	0
1	100	100	0	80	106	26	381813	0
2	100	100	0	80	106	26	3748198	0
3	100	100	0	80	106	26	3748259	0
4	100	100	0	80	106	26	3748314	0
0	100	100	0	80	106	26	3748365	0
1	100	100	0	80	106	26	2906826	0
2	100	100	0	80	106	26	3748467	0
3	100	100	0	80	106	26	3748518	0
4	100	100	0	80	106	26	3748575	0
0	100	100	0	80	106	26	3748636	0
1	100	100	0	80	106	26	2907120	0
2	100	100	0	80	106	26	3748758	0
3	100	100	0	80	106	26	3748819	0
4	100	100	0	80	106	26	3748875	0
0	100	100	0	80	106	26	3748926	0
1	100	100	0	80	106	26	2907386	0
2	100	100	0	80	106	26	3749028	0
3	100	100	0	80	106	26	3749079	0
4	100	100	0	80	106	26	3749135	0
0	100	100	0	80	106	26	3749196	0
1	100	100	0	80	106	26	2907681	0
2	100	100	0	80	106	26	3749318	0
3	100	100	0	80	106	26	3749379	0
4	100	100	0	80	106	26	3749436	0
0	100	100	0	80	106	26	3749487	0
1	100	100	0	80	106	26	2907946	0
2	100	100	0	80	106	26	3749589	0
3	100	100	0	80	106	26	49195190	0
4	100	100	0	80	106	26	49195241	0
0	100	100	0	80	106	26	49195292	0
1	100	100	0	80	106	26	48353768	0
2	100	100	0	80	106	26	49195394	0
3	100	100	0	80	106	26	49195445	0
4	100	100	0	80	106	26	49195496	0
0	100	100	0	80	106	26	49195547	0
1	100	100	0	80	106	26	48354018	0
2	100	100	0	80	106	26	49195649	0
3	100	100	0	80	106	26	49195700	0
4	100	100	0	80	106	26	49195751	0
0	100	100	0	80	40000000	26	49195802	0
1	100	100	0	80	40000000	26	48354268	0
2	100	100	0	80	40000000	26	49195904	0
3	100	100	0	80	40000000	26	54245436	0
4	100	100	0	80	40000000	26	54245436	0
0	100	100	0	80	40000000	26	54245436	0
1	100	100	0	80	40000000	26	53403876	0
2	100	100	0	80	40000000	26	54245451	0
3	100	100	0	80	40000000	26	54245460	0
4	100	100	0	80	40000000	26	54245469	0
0	100	100	0	80	40000000	26	54245478	0
1	100	100	0	80	40000000	26	53403885	0
2	100	100	0	80	40000000	26	54245487	0
3	100	100	0	80	40000000	26	54245487	0
4	100	100	0	80	40000000	26	54245487	0
0	100	100	0	80	40000000	26	54245487	0
1	100	100	0	80	40000000	26	53403916	0
2	100	100	0	80	40000000	26	54245491	0
3	100	100	0	80	40000000	26	54245500	0
4	100	100	0	80	40000000	26	54245509	0
0	100	100	0	80	40000000	26	54245518	0
1	100	100	0	80	40000000	26	53403936	0
2	100	100	0	80	40000000	26	54245536	0
3	100	100	0	80	40000000	26	54245538	0
4	100	100	0	80	40000000	26	54245538	0
0	100	100	0	80	40000000	26	54245538	0
1	100	100	0	80	40000000	26	53403956	0
2	100	100	0	80	40000000	26	54245538	0
3	100	100	0	80	40000000	26	54245540	0
4	100	100	0	80	40000000	26	54245549	0
0	100	100	0	80	40000000	26	3801000	0
1	100	100	0	80	40000000	26	3009970	0
2	100	100	0	80	40000000	26	3902102	0
3	100	100	0	80	40000000	26	3952653	0
4	100	100	0	80	40000000	26	4003195	0
0	100	100	0	80	40000000	26	4053736	0
1	100	100	0	80	40000000	26	3262690	0
2	100	100	0	80	40000000	26	4154818	0
3	100	100	0	80	40000000	26	4205359	0
4	100	100	0	80	40000000	26	4255909	0
0	100	100	0	80	40000000	26	3464890	0
1	100	100	0	80	40000000	26	2673829	0
2	100	100	0	80	40000000	26	3565972	0
3	100	100	0	80	40000000	26	3616513	0
4	100	100	0	80	40000000	26	3667054	0
0	100	100	0	80	40000000	26	3717599	0
1	100	100	0	80	40000000	26	2926583	0
2	100	100	0	80	40000000	26	3818701	0
3	100	100	0	80	40000000	26	3869252	0
4	100	100	0	80	40000000	26	3919803	0
0	100	100	0	80	40000000	26	3970351	0
1	100	100	0	80	40000000	26	3179290	0
2	100	100	0	80	40000000	26	4071433	0
3	100	100	0	80	40000000	26	4121974	0
4	100	100	0	80	40000000	26	4172515	0
0	100	100	0	80	40000000	26	4223059	0
1	100	100	0	80	40000000	26	2590444	0
2	100	100	0	80	40000000	26	3482587	0
3	100	100	0	80	40000000	26	3533128	0
4	100	100	0	80	40000000	26	3583669	0
0	100	100	0	80	40000000	26	3634210	0
1	100	100	0	80	40000000	26	2843181	0
2	100	100	0	80	40000000	26	3735299	0
3	100	100	0	80	40000000	26	3785850	0
4	100	100	0	80	40000000	26	3836401	0
0	100	100	0	80	40000000	26	3886952	0
1	100	100	0	80	40000000	26	3095905	0
2	100	100	0	80	40000000	26	3988048	0
3	100	100	0	80	40000000	26	4038589	0
4	100	100	0	80	40000000	26	4089130	0
0	100	100	0	80	40000000	26	4139671	0
1	100	100	0	80	40000000	26	3348641	0
2	100	100	0	80	40000000	26	4240759	0
3	100	100	0	80	40000000	26	3449743	0
4	100	100	0	80	40000000	26	3500284	0
0	100	100	0	80	40000000	26	3550825	0
1	100	100	0	80	40000000	26	2759780	0
2	100	100	0	80	40000000	26	3651907	0
3	100	100	0	80	40000000	26	3702448	0
4	100	100	0	80	40000000	26	3752999	0
0	100	100	0	80	40000000	26	3803550	0
1	100	100	0	80	40000000	26	3012520	0
2	100	100	0	80	40000000	26	3904652	0
3	100	100	0	80	40000000	26	3955203	0
4	100	100	0	80	40000000	26	4005745	0
0	100	100	0	80	40000000	26	4056286	0
1	100	100	0	80	40000000	26	3265240	0
2	100	100	0	80	40000000	26	4157368	0
3	100	100	0	80	40000000	26	4207909	0
4	100	100	0	80	40000000	26	3416893	0
0	100	100	0	80	40000000	26	3467440	0
1	100	100	0	80	40000000	26	2676379	0
2	100	100	0	80	40000000	26	3568522	0
3	100	100	0	80	40000000	26	3619063	0
4	100	100	0	80	40000000	26	3669604	0
0	100	100	0	80	40000000	26	3720149	0
1	100	100	0	80	40000000	26	2929133	0
2	100	100	0	80	40000000	26	3821251	0
3	100	100	0	80	40000000	26	3871802	0
4	100	100	0	80	40000000	26	3922353	0
0	100	100	0	80	40000000	26	3972901	0
1	100	100	0	80	40000000	26	3181840	0
2	100	100	0	80	40000000	26	4073983	0
3	100	100	0	80	40000000	26	4124524	0
4	100	100	0	80	40000000	26	4175065	0
0	100	100	0	80	40000000	26	4225609	0
1	100	100	0	80	40000000	26	2592994	0
2	100	100	0	80	40000000	26	3485137	0
3	100	100	0	80	40000000	26	3535678	0
4	100	100	0	80	40000000	26	3586219	0
0	100	100	0	80	40000000	26	3636760	0
1	100	100	0	80	40000000	26	2845731	0
2	100	100	0	80	40000000	26	3737849	0
3	100	100	0	80	40000000	26	3788400	0
4	100	100	0	80	40000000	26	3838951	0
0	100	100	0	80	400000	26	3889502	0
1	100	100	0	80	400000	26	3098455	0
2	100	100	0	80	400000	26	3990598	0
3	100	100	0	80	400000	26	4041139	0
4	100	100	0	80	400000	26	4091680	0
0	100	100	0	80	400000	26	52500	0
1	100	100	0	80	400000	26	53520	0
2	100	100	0	80	400000	26	87894	0
3	100	100	0	80	400000	26	21217	0
4	100	100	0	80	400000	26	55561	0
0	100	100	0	80	400000	26	89934	0
1	100	100	0	80	400000	26	90954	0
2	100	100	0	80	400000	26	24292	0
3	100	100	0	80	400000	26	58636	0
4	100	100	0	80	400000	26	92994	0
0	100	100	0	80	400000	26	26337	0
1	100	100	0	80	400000	26	27357	0
2	100	100	0	80	400000	26	61711	0
3	100	100	0	80	400000	26	96055	0
4	100	100	0	80	400000	26	29397	0
0	100	100	0	80	400000	26	63761	0
1	100	100	0	80	400000	26	64786	0
2	100	100	0	80	400000	26	99130	0
3	100	100	0	80	400000	26	32457	0
4	100	100	0	80	400000	26	66831	0
0	100	100	0	80	400000	26	149	0
1	100	100	0	80	400000	26	1174	0
2	100	100	0	80	400000	26	35517	0
3	100	100	0	80	400000	26	69891	0
4	100	100	0	80	400000	26	3224	0
0	100	100	0	80	400000	26	37567	0
1	100	100	0	80	400000	26	38592	0
2	100	100	0	80	400000	26	72951	0
3	100	100	0	80	400000	26	6294	0
4	100	100	0	80	400000	26	40642	0
0	100	100	0	80	400000	26	74991	0
1	100	100	0	80	400000	26	76011	0
2	100	100	0	80	400000	26	9354	0
3	100	100	0	80	400000	26	43717	0
4	100	100	0	80	400000	26	78061	0
0	100	100	0	80	400000	26	11394	0
1	100	100	0	80	400000	26	12414	0
2	100	100	0	80	400000	26	46788	0
3	100	100	0	80	400000	26	81136	0
4	100	100	0	80	400000	26	14454	0
0	100	100	0	80	400000	26	48828	0
1	100	100	0	80	400000	26	49848	0
2	100	100	0	80	400000	26	84211	0
3	100	100	0	80	400000	26	17524	0
4	100	100	0	80	400000	26	51888	0
0	100	100	0	80	400000	26	86261	0
1	100	100	0	80	400000	26	87282	0
2	100	100	0	80	400000	26	20599	0
3	100	100	0	80	400000	26	54948	0
4	100	100	0	80	400000	26	89322	0
0	100	100	0	80	400000	26	22649	0
1	100	100	0	80	400000	26	23674	0
2	100	100	0	80	400000	26	58017	0
3	100	100	0	80	400000	26	92382	0
4	100	100	0	80	400000	26	25724	0
0	100	100	0	80	400000	26	60067	0
1	100	100	0	80	400000	26	61092	0
2	100	100	0	80	400000	26	95442	0
3	100	100	0	80	400000	26	28785	0
4	100	100	0	80	400000	26	63142	0
0	100	100	0	80	400000	26	97486	0
1	100	100	0	80	400000	26	98511	0
2	100	100	0	80	400000	26	31845	0
3	100	100	0	80	400000	26	66217	0
4	100	100	0	80	400000	26	100561	0
0	100	100	0	80	400000	26	33885	0
1	100	100	0	80	400000	26	34905	0
2	100	100	0	80	400000	26	69279	0
3	100	100	0	80	400000	26	2605	0
4	100	100	0	80	400000	26	36949	0
0	100	100	0	80	400000	26	71319	0
1	100	100	0	80	400000	26	72339	0
2	100	100	0	80	400000	26	5680	0
3	100	100	0	80	400000	26	40024	0
4	100	100	0	80	400000	26	74379	0
0	100	100	0	80	400000	26	7722	0
1	100	100	0	80	400000	26	8742	0
2	100	100	0	80	400000	26	43099	0
3	100	100	0	80	400000	26	77442	0
4	100	100	0	80	400000	26	10782	0
0	100	100	0	80	400000	26	45149	0
1	100	100	0	80	400000	26	46174	0
2	100	100	0	80	400000	26	80517	0
3	100	100	0	80	400000	26	13842	0
4	100	100	0	80	400000	26	48216	0
0	100	100	0	80	400000	26	82567	0
1	100	100	0	80	400000	26	83592	0
2	100	100	0	80	400000	26	16905	0
3	100	100	0	80	400000	26	51276	0
4	100	100	0	80	400000	26	85642	0
0	100	100	0	80	400000	26	18955	0
1	100	100	0	80	400000	26	19980	0
2	100	100	0	80	400000	26	54336	0
3	100	100	0	80	400000	26	88710	0
4	100	100	0	80	400000	26	22030	0
0	100	100	0	80	400000	26	56376	0
1	100	100	0	80	400000	26	57399	0
2	100	100	0	80	400000	26	91770	0
3	100	100	0	80	400000	26	25105	0
4	100	100	0	80	400000	26	59449	0
0	100	100	0	80	400000	26	93810	0
1	100	100	0	80	400000	26	94830	0
2	100	100	0	80	400000	26	28173	0
3	100	100	0	80	400000	26	62524	0
4	100	100	0	80	400000	26	96870	0
0	100	100	0	80	400000	26	30213	0
1	100	100	0	80	400000	26	31233	0
2	100	100	0	80	400000	26	65599	0
3	100	100	0	80	400000	26	99942	0
4	100	100	0	80	400000	26	33273	0
0	100	100	0	80	400000	26	67647	0
1	100	100	0	80	400000	26	68667	0
2	100	100	0	80	400000	26	1986	0
3	100	100	0	80	400000	26	36333	0
4	100	100	0	80	400000	26	70707	0
0	100	100	0	80	400000	26	4036	0
1	100	100	0	80	400000	26	5061	0
2	100	100	0	80	400000	26	39405	0
3	100	100	0	80	400000	26	73767	0
4	100	100	0	80	400000	26	7110	0
0	100	100	0	80	400000	26	41455	0
1	100	100	0	80	400000	26	42480	0
2	100	100	0	80	400000	26	76827	0
3	100	100	0	80	400000	26	10170	0
4	100	100	0	80	400000	26	44530	0
0	100	100	0	80	400000	26	78874	0
1	100	100	0	80	400000	26	79899	0
2	100	100	0	80	400000	26	13230	0
3	100	100	0	80	400000	26	47604	0
4	100	100	0	80	400000	26	81949	0
0	100	100	0	80	400000	26	15270	0
1	100	100	0	80	400000	26	16290	0
2	100	100	0	80	400000	26	50664	0
3	100	100	0	80	400000	26	85024	0
4	100	100	0	80	400000	26	18336	0
0	100	100	0	80	400000	26	52704	0
1	100	100	0	80	400000	26	53724	0
2	100	100	0	80	400000	26	88098	0
3	100	100	0	80	400000	26	21411	0
4	100	100	0	80	400000	26	55764	0
0	100	100	0	80	400000	26	90138	0
1	100	100	0	80	400000	26	91158	0
2	100	100	0	80	400000	26	24486	0
3	100	100	0	80	400000	26	58830	0
4	100	100	0	80	400000	26	93198	0
0	100	100	0	80	400000	26	26536	0
1	100	100	0	80	400000	26	27561	0
2	100	100	0	80	400000	26	61905	0
3	100	100	0	80	400000	26	96258	0
4	100	100	0	80	400000	26	29601	0
0	100	100	0	80	400000	26	63955	0
1	100	100	0	80	400000	26	64980	0
2	100	100	0	80	400000	26	99324	0
3	100	100	0	80	400000	26	32661	0
4	100	100	0	80	400000	26	67030	0
0	100	100	0	80	400000	26	343	0
1	100	100	0	80	400000	26	1368	0
2	100	100	0	80	400000	26	35721	0
3	100	100	0	80	400000	26	70095	0
4	100	100	0	80	400000	26	3418	0
0	100	100	0	80	400000	26	37761	0
1	100	100	0	80	400000	26	38786	0
2	100	100	0	80	400000	26	73155	0
3	100	100	0	80	400000	26	6493	0
4	100	100	0	80	400000	26	40836	0
0	100	100	0	80	400000	26	75195	0
1	100	100	0	80	400000	26	76215	0
2	100	100	0	80	400000	26	9558	0
3	100	100	0	80	400000	26	43911	0
4	100	100	0	80	400000	26	78255	0
0	100	100	0	80	400000	26	11598	0
1	100	100	0	80	400000	26	12618	0
2	100	100	0	80	400000	26	46986	0
3	100	100	0	80	400000	26	81330	0
4	100	100	0	80	400000	26	14658	0
0	100	100	0	80	400000	26	49032	0
1	100	100	0	80	400000	26	50052	0
2	100	100	0	80	400000	26	84405	0
3	100	100	0	80	400000	26	17718	0
4	100	100	0	80	400000	26	52092	0
0	100	100	0	80	400000	26	86455	0
1	100	100	0	80	400000	26	87480	0
2	100	100	0	80	400000	26	20793	0
3	100	100	0	80	400000	26	55152	0
4	100	100	0	80	400000	26	89526	0
0	100	100	0	80	400000	26	22843	0
1	100	100	0	80	400000	26	23868	0
2	100	100	0	80	400000	26	58212	0
3	100	100	0	80	400000	26	92586	0
4	100	100	0	80	400000	26	25918	0
0	100	100	0	80	400000	26	60261	0
1	100	100	0	80	400000	26	61286	0
2	100	100	0	80	400000	26	95646	0
3	100	100	0	80	400000	26	28989	0
4	100	100	0	80	400000	26	63336	0
0	100	100	0	80	400000	26	97686	0
1	100	100	0	80	400000	26	98706	0
2	100	100	0	80	400000	26	32049	0
3	100	100	0	80	400000	26	66411	0
4	100	100	0	80	400000	26	100755	0
0	100	100	0	80	400000	26	34089	0
1	100	100	0	80	400000	26	35109	0
2	100	100	0	80	400000	26	69483	0
3	100	100	0	80	400000	26	2799	0
4	100	100	0	80	400000	26	37149	0
0	100	100	0	80	400000	26	71523	0
1	100	100	0	80	400000	26	72543	0
2	100	100	0	80	400000	26	5874	0
3	100	100	0	80	400000	26	40218	0
4	100	100	0	80	400000	26	74583	0
0	100	100	0	80	400000	26	7924	0
1	100	100	0	80	400000	26	8946	0
2	100	100	0	80	400000	26	43293	0
3	100	100	0	80	400000	26	77643	0
4	100	100	0	80	400000	26	10986	0
0	100	100	0	80	400000	26	45343	0
1	100	100	0	80	400000	26	46368	0
2	100	100	0	80	400000	26	80711	0
3	100	100	0	80	400000	26	14046	0
4	100	100	0	80	400000	26	48418	0
0	100	100	0	80	400000	26	82761	0
1	100	100	0	80	400000	26	83786	0
2	100	100	0	80	400000	26	17106	0
3	100	100	0	80	400000	26	51480	0
4	100	100	0	80	400000	26	85836	0
0	100	100	0	80	400000	26	19149	0
1	100	100	0	80	400000	26	20174	0
2	100	100	0	80	400000	26	54540	0
3	100	100	0	80	400000	26	88911	0
4	100	100	0	80	400000	26	22224	0
0	100	100	0	80	400000	26	56580	0
1	100	100	0	80	400000	26	57600	0
2	100	100	0	80	400000	26	91974	0
3	100	100	0	80	400000	26	25299	0
4	100	100	0	80	400000	26	59643	0
0	100	100	0	80	400000	26	94014	0
1	100	100	0	80	400000	26	95034	0
2	100	100	0	80	400000	26	28374	0
3	100	100	0	80	400000	26	62718	0
4	100	100	0	80	400000	26	97074	0
0	100	100	0	80	400000	26	30417	0
1	100	100	0	80	400000	26	31437	0
2	100	100	0	80	400000	26	65793	0
3	100	100	0	80	400000	26	100136	0
4	100	100	0	80	400000	26	33477	0
0	100	100	0	80	400000	26	67843	0
1	100	100	0	80	400000	26	68868	0
2	100	100	0	80	400000	26	2180	0
3	100	100	0	80	400000	26	36537	0
4	100	100	0	80	400000	26	70911	0
0	100	100	0	80	400000	26	4230	0
1	100	100	0	80	400000	26	5255	0
2	100	100	0	80	400000	26	39599	0
3	100	100	0	80	400000	26	73971	0
4	100	100	0	80	400000	26	7305	0
0	100	100	0	80	400000	26	41649	0
1	100	100	0	80	400000	26	42674	0
2	100	100	0	80	400000	26	77031	0
3	100	100	0	80	400000	26	10374	0
4	100	100	0	80	400000	26	44724	0
0	100	100	0	80	400000	26	79071	0
1	100	100	0	80	400000	26	80093	0
2	100	100	0	80	400000	26	13434	0
3	100	100	0	80	400000	26	47799	0
4	100	100	0	80	400000	26	82143	0
0	100	100	0	80	400000	26	15474	0
1	100	100	0	80	400000	26	16494	0
2	100	100	0	80	400000	26	50868	0
3	100	100	0	80	400000	26	85218	0
4	100	100	0	80	400000	26	18534	0
0	100	100	0	80	400000	26	52908	0
1	100	100	0	80	400000	26	53928	0
2	100	100	0	80	400000	26	88293	0
3	100	100	0	80	400000	26	21605	0
4	100	100	0	80	400000	26	55968	0
0	100	100	0	80	400000	26	90342	0
1	100	100	0	80	400000	26	91362	0
2	100	100	0	80	400000	26	24680	0
3	100	100	0	80	400000	26	59028	0
4	100	100	0	80	400000	26	93402	0
0	100	100	0	80	400000	26	26730	0
1	100	100	0	80	400000	26	27755	0
2	100	100	0	80	400000	26	62099	0
3	100	100	0	80	400000	26	96462	0
4	100	100	0	80	400000	26	29805	0
0	100	100	0	80	400000	26	64149	0
1	100	100	0	80	400000	26	65174	0
2	100	100	0	80	400000	26	99522	0
3	100	100	0	80	400000	26	32865	0
4	100	100	0	80	400000	26	67224	0
0	100	100	0	80	400000	26	537	0
1	100	100	0	80	400000	26	1562	0
2	100	100	0	80	400000	26	35925	0
3	100	100	0	80	400000	26	70299	0
4	100	100	0	80	400000	26	3612	0
0	100	100	0	80	400000	26	37965	0
1	100	100	0	80	400000	26	38985	0
2	100	100	0	80	400000	26	73359	0
3	100	100	0	80	400000	26	6687	0
4	100	100	0	80	400000	26	41030	0
0	100	100	0	80	400000	26	75399	0
1	100	100	0	80	400000	26	76419	0
2	100	100	0	80	400000	26	9762	0
3	100	100	0	80	400000	26	44105	0
4	100	100	0	80	400000	26	78459	0
0	100	100	0	80	400000	26	11802	0
1	100	100	0	80	400000	26	12822	0
2	100	100	0	80	400000	26	47180	0
3	100	100	0	80	400000	26	81524	0
4	100	100	0	80	400000	26	14862	0
0	100	100	0	80	400000	26	49230	0
1	100	100	0	80	400000	26	50255	0
2	100	100	0	80	400000	26	84599	0
3	100	100	0	80	400000	26	17922	0
4	100	100	0	80	400000	26	52296	0
0	100	100	0	80	400000	26	86649	0
1	100	100	0	80	400000	26	87674	0
2	100	100	0	80	400000	26	20987	0
3	100	100	0	80	400000	26	55356	0
4	100	100	0	80	400000	26	89724	0
0	100	100	0	80	400000	26	23037	0
1	100	100	0	80	400000	26	24062	0
2	100	100	0	80	400000	26	58416	0
3	100	100	0	80	400000	26	92790	0
4	100	100	0	80	400000	26	26112	0
0	100	100	0	80	400000	26	60456	0
1	100	100	0	80	400000	26	61480	0
2	100	100	0	80	400000	26	95850	0
3	100	100	0	80	400000	26	29187	0
4	100	100	0	80	400000	26	63530	0
0	100	100	0	80	400000	26	97890	0
1	100	100	0	80	400000	26	98910	0
2	100	100	0	80	400000	26	32253	0
3	100	100	0	80	400000	26	66605	0
4	100	100	0	80	400000	26	100950	0
0	100	100	0	80	400000	26	34293	0
1	100	100	0	80	400000	26	35313	0
2	100	100	0	80	400000	26	69680	0
3	100	100	0	80	400000	26	2993	0
4	100	100	0	80	400000	26	37353	0
0	100	100	0	80	400001	26	71727	0
1	100	100	0	80	400001	26	72747	0
2	100	100	0	80	400001	26	6068	0
3	100	100	0	80	400001	26	40414	0
4	100	100	0	80	400001	26	74788	0
0	100	100	0	80	400001	26	8119	0
1	100	100	0	80	400001	26	9144	0
2	100	100	0	80	400001	26	43488	0
3	100	100	0	80	400001	26	77848	0
4	100	100	0	80	400001	26	11191	0
0	100	100	0	80	400001	26	45538	0
1	100	100	0	80	400001	26	46563	0
2	100	100	0	80	400001	26	80908	0
3	100	100	0	80	400001	26	14251	0
4	100	100	0	80	400001	26	48613	0
0	100	100	0	80	400001	26	82956	0
1	100	100	0	80	400001	26	83981	0
2	100	100	0	80	400001	26	17311	0
3	100	100	0	80	400001	26	51685	0
4	100	100	0	80	400001	26	86031	0
0	100	100	0	80	400001	26	19351	0
1	100	100	0	80	400001	26	20371	0
2	100	100	0	80	400001	26	54745	0
3	100	100	0	80	400001	26	89106	0
4	100	100	0	80	400001	26	22419	0
0	100	100	0	80	400000	26	56785	0
1	100	100	0	80	400000	26	57804	0
2	100	100	0	80	400000	26	92178	0
3	100	100	0	80	400000	26	25493	0
4	100	100	0	80	400000	26	59844	0
0	100	100	0	80	400000	26	94218	0
1	100	100	0	80	400000	26	95238	0
2	100	100	0	80	400000	26	28568	0
3	100	100	0	80	400000	26	62912	0
4	100	100	0	80	400000	26	97278	0
0	100	100	0	80	400000	26	30618	0
1	100	100	0	80	400000	26	31641	0
2	100	100	0	80	400000	26	65987	0
3	100	100	0	80	400000	26	100338	0
4	100	100	0	80	400000	26	33681	0
0	100	100	0	80	400000	26	68037	0
1	100	100	0	80	400000	26	69062	0
2	100	100	0	80	400000	26	2374	0
3	100	100	0	80	400000	26	36741	0
4	100	100	0	80	400000	26	71112	0
0	100	100	0	80	400000	26	4424	0
1	100	100	0	80	400000	26	5449	0
2	100	100	0	80	400000	26	39801	0
3	100	100	0	80	400000	26	74175	0
4	100	100	0	80	400000	26	7499	0
0	100	100	0	80	400000	26	41843	0
1	100	100	0	80	400000	26	42868	0
2	100	100	0	80	400000	26	77235	0
3	100	100	0	80	400000	26	10574	0
4	100	100	0	80	400000	26	44918	0
0	100	100	0	80	400000	26	79275	0
1	100	100	0	80	400000	26	80295	0
2	100	100	0	80	400000	26	13638	0
3	100	100	0	80	400000	26	47993	0
4	100	100	0	80	400000	26	82337	0
0	100	100	0	80	400000	26	15678	0
1	100	100	0	80	400000	26	16698	0
2	100	100	0	80	400000	26	51068	0
3	100	100	0	80	400000	26	85412	0
4	100	100	0	80	400000	26	18738	0
0	100	100	0	80	400000	26	53112	0
1	100	100	0	80	400000	26	54132	0
2	100	100	0	80	400000	26	88487	0
3	100	100	0	80	400000	26	21799	0
4	100	100	0	80	400000	26	56172	0
0	100	100	0	80	400000	26	90537	0
1	100	100	0	80	400000	26	91562	0
2	100	100	0	80	400000	26	24874	0
3	100	100	0	80	400000	26	59232	0
4	100	100	0	80	400000	26	93606	0
0	100	100	0	80	400000	26	26924	0
1	100	100	0	80	400000	26	27949	0
2	100	100	0	80	400000	26	62293	0
3	100	100	0	80	400000	26	96666	0
4	100	100	0	80	400000	26	29999	0
0	100	100	0	80	400000	26	64343	0
1	100	100	0	80	400000	26	65368	0
2	100	100	0	80	400000	26	99726	0
3	100	100	0	80	400000	26	33069	0
4	100	100	0	80	400000	26	67418	0
0	100	100	0	80	400000	26	735	0
1	100	100	0	80	400000	26	1756	0
2	100	100	0	80	400000	26	36129	0
3	100	100	0	80	400000	26	70493	0
4	100	100	0	80	400000	26	3806	0
0	100	100	0	80	400000	26	38169	0
1	100	100	0	80	400000	26	139495	0
2	100	100	0	80	400000	26	122818	0
3	100	100	0	80	400000	26	106116	0
4	100	100	0	80	400000	26	89413	0
0	100	100	0	80	400000	26	72736	0
1	100	100	0	80	400000	26	325441	0
2	100	100	0	80	400000	26	308754	0
3	100	100	0	80	400000	26	292046	0
4	100	100	0	80	400000	26	275359	0
0	100	100	0	80	400000	26	258682	0
1	100	100	0	80	400000	26	511387	0
2	100	100	0	80	400000	26	494684	0
3	100	100	0	80	400000	26	477982	0
4	100	100	0	80	400000	26	461305	0
0	100	100	0	80	400000	26	444612	0
1	100	100	0	80	400000	26	141830	0
2	100	100	0	80	400000	26	125123	0
3	100	100	0	80	400000	26	108436	0
4	100	100	0	80	400000	26	91758	0
0	100	100	0	80	400000	26	75051	0
1	100	100	0	80	400000	26	327761	0
2	100	100	0	80	400000	26	311059	0
3	100	100	0	80	400000	26	294382	0
4	100	100	0	80	400000	26	277689	0
0	100	100	0	80	400000	26	260982	0
1	100	100	0	80	400000	26	513692	0
2	100	100	0	80	400000	26	497005	0
3	100	100	0	80	400000	26	480327	0
4	100	100	0	80	400000	26	463620	0
0	100	100	0	80	400000	26	446923	0
1	100	100	0	80	400000	26	144136	0
2	100	100	0	80	400000	26	127459	0
3	100	100	0	80	400000	26	110766	0
4	100	100	0	80	400000	26	94058	0
0	100	100	0	80	400000	26	77377	0
1	100	100	0	80	400000	26	330082	0
2	100	100	0	80	400000	26	313404	0
3	100	100	0	80	400000	26	296696	0
4	100	100	0	80	400000	26	280000	0
0	100	100	0	80	400000	26	263323	0
1	100	100	0	80	400000	26	516028	0
2	100	100	0	80	400000	26	499334	0
3	100	100	0	80	400000	26	482627	0
4	100	100	0	80	400000	26	465946	0
0	100	100	0	80	400000	26	449262	0
1	100	100	0	80	400000	26	146480	0
2	100	100	0	80	400000	26	129773	0
3	100	100	0	80	400000	26	113077	0
4	100	100	0	80	400000	26	96400	0
0	100	100	0	80	400000	26	79701	0
1	100	100	0	80	400000	26	332411	0
2	100	100	0	80	400000	26	315704	0
3	100	100	0	80	400000	26	299023	0
4	100	100	0	80	400000	26	282339	0
0	100	100	0	80	400000	26	265632	0
1	100	100	0	80	400000	26	518342	0
2	100	100	0	80	400000	26	501646	0
3	100	100	0	80	400000	26	484969	0
4	100	100	0	80	400000	26	468270	0
0	100	100	0	80	400000	26	451564	0
1	100	100	0	80	400000	26	148780	0
2	100	100	0	80	400000	26	132100	0
3	100	100	0	80	400000	26	115416	0
4	100	100	0	80	400000	26	98708	0
0	100	100	0	80	400000	26	82018	0
1	100	100	0	80	400000	26	334723	0
2	100	100	0	80	400000	26	318046	0
3	100	100	0	80	400000	26	301346	0
4	100	100	0	80	400000	26	284641	0
0	100	100	0	80	400000	26	267964	0
1	100	100	0	80	400000	26	520669	0
2	100	100	0	80	400000	26	503984	0
3	100	100	0	80	400000	26	487277	0
4	100	100	0	80	400000	26	470587	0
0	100	100	0	80	400000	26	453910	0
1	100	100	0	80	400000	26	151123	0
2	100	100	0	80	400000	26	134423	0
3	100	100	0	80	400000	26	117718	0
4	100	100	0	80	400000	26	101041	0
0	100	100	0	80	400000	26	84351	0
1	100	100	0	80	400000	26	337061	0
2	100	100	0	80	400000	26	320354	0
3	100	100	0	80	400000	26	303664	0
4	100	100	0	80	400000	26	286987	0
0	100	100	0	80	400000	26	270282	0
1	100	100	0	80	400000	26	522992	0
2	100	100	0	80	400000	26	506287	0
3	100	100	0	80	400000	26	489610	0
4	100	100	0	80	400000	26	472920	0
0	100	100	0	80	4000000	26	456212	0
1	100	100	0	80	4000000	26	153430	0
2	100	100	0	80	4000000	26	136741	0
3	100	100	0	80	4000000	26	574515	0
4	100	100	0	80	4000000	26	911137	0
0	100	100	0	80	4000000	26	406191	0
1	100	100	0	80	4000000	26	911147	0
2	100	100	0	80	4000000	26	406201	0
3	100	100	0	80	4000000	26	742822	0
4	100	100	0	80	4000000	26	69564	0
0	100	100	0	80	4000000	26	406211	0
1	100	100	0	80	4000000	26	911166	0
2	100	100	0	80	4000000	26	406215	0
3	100	100	0	80	4000000	26	742842	0
4	100	100	0	80	4000000	26	69564	0
0	100	100	0	80	4000000	26	406215	0
1	100	100	0	80	4000000	26	911166	0
2	100	100	0	80	4000000	26	406215	0
3	100	100	0	80	4000000	26	742862	0
4	100	100	0	80	4000000	26	69581	0
0	100	100	0	80	4000000	26	406215	0
1	100	100	0	80	4000000	26	911166	0
2	100	100	0	80	4000000	26	406215	0
3	100	100	0	80	4000000	26	742866	0
4	100	100	0	80	4000000	26	69601	0
0	100	100	0	80	4000000	26	406221	0
1	100	100	0	80	4000000	26	911177	0
2	100	100	0	80	4000000	26	406231	0
3	100	100	0	80	4000000	26	742866	0
4	100	100	0	80	4000000	26	69615	0
0	100	100	0	80	4000000	26	406241	0
1	100	100	0	80	4000000	26	911197	0
2	100	100	0	80	4000000	26	406251	0
3	100	100	0	80	4000000	26	742872	0
4	100	100	0	80	4000000	26	69615	0
0	100	100	0	80	4000000	26	406261	0
1	100	100	0	80	4000000	26	911217	0
2	100	100	0	80	4000000	26	406266	0
3	100	100	0	80	4000000	26	742892	0
4	100	100	0	80	4000000	26	69615	0
0	100	100	0	80	4000000	26	406266	0
1	100	100	0	80	4000000	26	911217	0
2	100	100	0	80	4000000	26	406266	0
3	100	100	0	80	4000000	26	742912	0
4	100	100	0	80	4000000	26	69631	0
0	100	100	0	80	4000000	26	406266	0
1	100	100	0	80	4000000	26	911217	0
2	100	100	0	80	4000000	26	406266	0
3	100	100	0	80	4000000	26	742917	0
4	100	100	0	80	4000000	26	69651	0
0	100	100	0	80	4000000	26	406271	0
1	100	100	0	80	4000000	26	911227	0
2	100	100	0	80	4000000	26	406281	0
3	100	100	0	80	4000000	26	742917	0
4	100	100	0	80	4000000	26	69666	0
0	100	100	0	80	4000000	26	406291	0
1	100	100	0	80	4000000	26	911247	0
2	100	100	0	80	4000000	26	406301	0
3	100	100	0	80	4000000	26	742922	0
4	100	100	0	80	4000000	26	69666	0
0	100	100	0	80	4000000	26	406311	0
1	100	100	0	80	4000000	26	911267	0
2	100	100	0	80	4000000	26	406317	0
3	100	100	0	80	4000000	26	742942	0
4	100	100	0	80	4000000	26	69666	0
0	100	100	0	80	4000000	26	406317	0
1	100	100	0	80	4000000	26	911268	0
2	100	100	0	80	4000000	26	406317	0
3	100	100	0	80	4000000	26	742962	0
4	100	100	0	80	4000000	26	69681	0
0	100	100	0	80	4000000	26	406317	0
1	100	100	0	80	4000000	26	911268	0
2	100	100	0	80	4000000	26	406317	0
3	100	100	0	80	4000000	26	742968	0
4	100	100	0	80	4000000	26	69701	0
0	100	100	0	80	4000000	26	406321	0
1	100	100	0	80	4000000	26	911277	0
2	100	100	0	80	4000000	26	406331	0
3	100	100	0	80	4000000	26	742968	0
4	100	100	0	80	4000000	26	69717	0
0	100	100	0	80	4000000	26	406341	0
1	100	100	0	80	4000000	26	911297	0
2	100	100	0	80	4000000	26	406351	0
3	100	100	0	80	4000000	26	742972	0
4	100	100	0	80	4000000	26	69717	0
0	100	100	0	80	4000000	26	406361	0
1	100	100	0	80	4000000	26	911317	0
2	100	100	0	80	4000000	26	406368	0
3	100	100	0	80	4000000	26	742992	0
4	100	100	0	80	4000000	26	69717	0
0	100	100	0	80	4000000	26	406368	0
1	100	100	0	80	4000000	26	911319	0
2	100	100	0	80	4000000	26	406368	0
3	100	100	0	80	4000000	26	743012	0
4	100	100	0	80	4000000	26	69731	0
0	100	100	0	80	4000000	26	406368	0
1	100	100	0	80	4000000	26	911319	0
2	100	100	0	80	4000000	26	406368	0
3	100	100	0	80	4000000	26	743019	0
4	100	100	0	80	4000000	26	69751	0
0	100	100	0	80	4000000	26	406371	0
1	100	100	0	80	4000000	26	911327	0
2	100	100	0	80	4000000	26	406381	0
3	100	100	0	80	4000000	26	743019	0
4	100	100	0	80	4000000	26	69768	0
0	100	100	0	80	4000000	26	406391	0
1	100	100	0	80	4000000	26	911347	0
2	100	100	0	80	4000000	26	406401	0
3	100	100	0	80	4000000	26	743022	0
4	100	100	0	80	4000000	26	69768	0
0	100	100	0	80	4000000	26	406411	0
1	100	100	0	80	4000000	26	911367	0
2	100	100	0	80	4000000	26	406419	0
3	100	100	0	80	4000000	26	743042	0
4	100	100	0	80	4000000	26	69768	0
0	100	100	0	80	4000000	26	406419	0
1	100	100	0	80	4000000	26	911370	0
2	100	100	0	80	4000000	26	406419	0
3	100	100	0	80	4000000	26	743062	0
4	100	100	0	80	4000000	26	69781	0
0	100	100	0	80	4000000	26	406419	0
1	100	100	0	80	4000000	26	911370	0
2	100	100	0	80	4000000	26	406419	0
3	100	100	0	80	4000000	26	743070	0
4	100	100	0	80	4000000	26	69801	0
0	100	100	0	80	4000000	26	406421	0
1	100	100	0	80	4000000	26	911377	0
2	100	100	0	80	4000000	26	406431	0
3	100	100	0	80	4000000	26	743070	0
4	100	100	0	80	4000000	26	69819	0
0	100	100	0	80	4000000	26	406441	0
1	100	100	0	80	4000000	26	911397	0
2	100	100	0	80	4000000	26	406451	0
3	100	100	0	80	4000000	26	743072	0
4	100	100	0	80	4000000	26	69819	0
0	100	100	0	80	4000000	26	406461	0
1	100	100	0	80	4000000	26	911417	0
2	100	100	0	80	4000000	26	406470	0
3	100	100	0	80	4000000	26	743092	0
4	100	100	0	80	4000000	26	69819	0
0	100	100	0	80	4000000	26	406470	0
1	100	100	0	80	4000000	26	911421	0
2	100	100	0	80	4000000	26	406470	0
3	100	100	0	80	4000000	26	743112	0
4	100	100	0	80	4000000	26	69831	0
0	100	100	0	80	4000000	26	406470	0
1	100	100	0	80	4000000	26	911421	0
2	100	100	0	80	4000000	26	406470	0
3	100	100	0	80	4000000	26	743121	0
4	100	100	0	80	4000000	26	69851	0
0	100	100	0	80	4000000	26	406471	0
1	100	100	0	80	4000000	26	911427	0
2	100	100	0	80	4000000	26	406481	0
3	100	100	0	80	4000000	26	743121	0
4	100	100	0	80	4000000	26	69870	0
0	100	100	0	80	4000000	26	406491	0
1	100	100	0	80	4000000	26	911447	0
2	100	100	0	80	4000000	26	406501	0
3	100	100	0	80	4000000	26	743122	0
4	100	100	0	80	4000000	26	69870	0
0	100	100	0	80	4000000	26	406511	0
1	100	100	0	80	4000000	26	911467	0
2	100	100	0	80	4000000	26	406521	0
3	100	100	0	80	4000000	26	743142	0
4	100	100	0	80	4000000	26	69870	0
0	100	100	0	80	4000000	26	406521	0
1	100	100	0	80	4000000	26	911472	0
2	100	100	0	80	4000000	26	406521	0
3	100	100	0	80	4000000	26	743162	0
4	100	100	0	80	4000000	26	69881	0
0	100	100	0	80	4000000	26	406521	0
1	100	100	0	80	4000000	26	911472	0
2	100	100	0	80	4000000	26	406521	0
3	100	100	0	80	4000000	26	743172	0
4	100	100	0	80	4000000	26	69901	0
0	100	100	0	80	4000000	26	406521	0
1	100	100	0	80	4000000	26	911477	0
2	100	100	0	80	4000000	26	406531	0
3	100	100	0	80	4000000	26	743172	0
4	100	100	0	80	4000000	26	69921	0
0	100	100	0	80	4000000	26	406541	0
1	100	100	0	80	4000000	26	911497	0
2	100	100	0	80	4000000	26	406551	0
3	100	100	0	80	4000000	26	743172	0
4	100	100	0	80	4000000	26	69921	0
0	100	100	0	80	4000000	26	406561	0
1	100	100	0	80	4000000	26	911517	0
2	100	100	0	80	4000000	26	406571	0
3	100	100	0	80	4000000	26	743192	0
4	100	100	0	80	4000000	26	69921	0
0	100	100	0	80	4000000	26	406572	0
1	100	100	0	80	4000000	26	911523	0
2	100	100	0	80	4000000	26	406572	0
3	100	100	0	80	4000000	26	743212	0
4	100	100	0	80	4000000	26	69931	0
0	100	100	0	80	4000000	26	406572	0
1	100	100	0	80	4000000	26	911523	0
2	100	100	0	80	4000000	26	406572	0
3	100	100	0	80	4000000	26	743223	0
4	100	100	0	80	4000000	26	69951	0
0	100	100	0	80	4000000	26	406572	0
1	100	100	0	80	4000000	26	911527	0
2	100	100	0	80	4000000	26	406581	0
3	100	100	0	80	4000000	26	743223	0
4	100	100	0	80	4000000	26	69971	0
0	100	100	0	80	400000	26	406591	0
1	100	100	0	80	400000	26	911547	0
2	100	100	0	80	400000	26	406601	0
3	100	100	0	80	400000	26	389854	0
4	100	100	0	80	400000	26	373177	0
0	100	100	0	80	400000	26	356488	0
1	100	100	0	80	400000	26	53706	0
2	100	100	0	80	400000	26	36999	0
3	100	100	0	80	400000	26	20308	0
4	100	100	0	80	400000	26	3631	0
0	100	100	0	80	400000	26	542419	0
1	100	100	0	80	400000	26	239637	0
2	100	100	0	80	400000	26	222931	0
3	100	100	0	80	400000	26	206254	0
4	100	100	0	80	400000	26	189565	0
0	100	100	0	80	400000	26	172858	0
1	100	100	0	80	400000	26	425568	0
2	100	100	0	80	400000	26	408877	0
3	100	100	0	80	400000	26	392200	0
4	100	100	0	80	400000	26	375496	0
0	100	100	0	80	400000	26	358795	0
1	100	100	0	80	400000	26	56008	0
2	100	100	0	80	400000	26	39331	0
3	100	100	0	80	400000	26	22642	0
4	100	100	0	80	400000	26	5934	0
0	100	100	0	80	400000	26	544741	0
1	100	100	0	80	400000	26	241954	0
2	100	100	0	80	400000	26	225277	0
3	100	100	0	80	400000	26	208572	0
4	100	100	0	80	400000	26	191872	0
0	100	100	0	80	400000	26	175195	0
1	100	100	0	80	400000	26	427900	0
2	100	100	0	80	400000	26	411210	0
3	100	100	0	80	400000	26	394503	0
4	100	100	0	80	400000	26	377818	0
0	100	100	0	80	400000	26	361138	0
1	100	100	0	80	400000	26	58354	0
2	100	100	0	80	400000	26	41649	0
3	100	100	0	80	400000	26	24949	0
4	100	100	0	80	400000	26	8272	0
0	100	100	0	80	400000	26	547069	0
1	100	100	0	80	400000	26	244287	0
2	100	100	0	80	400000	26	227580	0
3	100	100	0	80	400000	26	210895	0
4	100	100	0	80	400000	26	194215	0
0	100	100	0	80	400000	26	177508	0
1	100	100	0	80	400000	26	430218	0
2	100	100	0	80	400000	26	413518	0
3	100	100	0	80	400000	26	396841	0
4	100	100	0	80	400000	26	380146	0
0	100	100	0	80	400000	26	363438	0
1	100	100	0	80	400000	26	60656	0
2	100	100	0	80	400000	26	43972	0
3	100	100	0	80	400000	26	27292	0
4	100	100	0	80	400000	26	10584	0
0	100	100	0	80	400000	26	549382	0
1	100	100	0	80	400000	26	246595	0
2	100	100	0	80	400000	26	229918	0
3	100	100	0	80	400000	26	213222	0
4	100	100	0	80	400000	26	196515	0
0	100	100	0	80	400000	26	179836	0
1	100	100	0	80	400000	26	432541	0
2	100	100	0	80	400000	26	415860	0
3	100	100	0	80	400000	26	399153	0
4	100	100	0	80	400000	26	382459	0
0	100	100	0	80	400000	26	365782	0
1	100	100	0	80	400000	26	62995	0
2	100	100	0	80	400000	26	46299	0
3	100	100	0	80	400000	26	29592	0
4	100	100	0	80	400000	26	12913	0
0	100	100	0	80	400000	26	551719	0
1	100	100	0	80	400000	26	248937	0
2	100	100	0	80	400000	26	232230	0
3	100	100	0	80	400000	26	215536	0
4	100	100	0	80	400000	26	198859	0
0	100	100	0	80	400000	26	182158	0
1	100	100	0	80	400000	26	434868	0
2	100	100	0	80	400000	26	418160	0
3	100	100	0	80	400000	26	401482	0
4	100	100	0	80	400000	26	384796	0
0	100	100	0	80	400000	26	368088	0
1	100	100	0	80	400000	26	65306	0
2	100	100	0	80	400000	26	48613	0
3	100	100	0	80	400000	26	31936	0
4	100	100	0	80	400000	26	15234	0
0	100	100	0	80	400000	26	554023	0
1	100	100	0	80	400000	26	251237	0
2	100	100	0	80	400000	26	234559	0
3	100	100	0	80	400000	26	217872	0
4	100	100	0	80	400000	26	201165	0
0	100	100	0	80	400000	26	184477	0
1	100	100	0	80	400000	26	437182	0
2	100	100	0	80	400000	26	420505	0
3	100	100	0	80	400000	26	403803	0
4	100	100	0	80	400000	26	387100	0
